編號,屋齡,建物移轉面積平方公尺,主要用途,主要建材,建築完成日期,總層數,建物分層,移轉情形
The serial number,room age,building shifting area square meter,the main use,main building materials,construction completes the date,total layer,building lamination,
RPQNMLMKNHHGFBP58DA,48,58.52,住家用,鋼筋混凝土造,63年6月17日,二層,一層 二層 騎樓,持分移轉
RPVOMLNKNHHGFAP66EA,46,74.16,住家用,加強磚造,64年12月5日,三層,一層 二層 三層 騎樓 電梯樓梯間,持分移轉
RPSNMLRKNHHGFAP66EA,26,183.49,住家用,鋼筋混凝土造,84年12月25日,四層,一層 二層 三層 四層 陽台 屋頂突出物 花台 地下層,全筆移轉
RPQNMLPKNHHGFDP09DA,7,191.20,住宅、樓梯間,鋼筋混凝土造,104年3月11日,三層,一層 二層 三層 陽台 電梯樓梯間,全筆移轉
RPRNMLRKNHHGFAP56EA,21,25.43,住家用,鋼筋混凝土造,90年5月10日,五層,五層 陽台,全筆移轉
RPRNMLRKNHHGFAP56EA,21,3.36,共有部份,鋼筋混凝土造,90年5月10日,五層,,持分移轉
RPRNMLRKNHHGFAP56EA,21,7.62,共有部份,鋼筋混凝土造,90年5月10日,五層,,持分移轉
RPRNMLSKNHHGFBP66DA,43,74.69,住家用,加強磚造,68年8月23日,一層,一層 廚房,全筆移轉
RPWNMLRKNHHGFEP37DA,,178.44,住家用,鋼筋混凝土造,111年1月25日,三層,一層 二層 三層,全筆移轉
RPSNMLNKNHHGFEP56DA,61,503.94,住商用,鋼筋混凝土造,49年12月21日,九層,一層 二層 三層 四層 五層 六層 七層 八層 九層 騎樓,全筆移轉
RPSNMLNKNHHGFEP56DA,61,294.00,住商用,鋼筋混凝土造,49年12月21日,八層,一層 二層 三層 四層 五層 六層 七層 八層 騎樓,全筆移轉
RPSNMLNKNHHGFEP56DA,61,282.25,住商用,鋼筋混凝土造,49年12月21日,九層,一層 二層 三層 四層 五層 六層 七層 八層 九層 騎樓,全筆移轉
RPSNMLNKNHHGFEP56DA,61,162.00,樓梯間,鋼筋混凝土造,49年12月21日,九層,,全筆移轉
RPSNMLNKNHHGFEP56DA,61,376.42,住商用,鋼筋混凝土造,49年12月21日,七層,一層 二層 三層 四層 五層 六層 七層 騎樓 地下層,全筆移轉
RPQNMLSKNHHGFBP66EA,27,39.04,住家用,鋼筋混凝土造,83年12月25日,五層,四層 陽台,全筆移轉
RPQNMLSKNHHGFBP66EA,27,8.19,共有部份,鋼筋混凝土造,83年12月25日,五層,,持分移轉
RPQNMLTKNHHGFCP86EA,24,126.93,住家用,鋼筋混凝土造,87年1月26日,四層,一層 二層 三層 四層,全筆移轉
RPTNMLNKNHHGFAP88DA,21,15.76,住家用,鋼骨造,90年1月17日,四層,三層,全筆移轉
RPTNMLNKNHHGFAP88DA,21,5.19,共有部份,鋼骨造,90年1月17日,四層,,持分移轉
RPQNMLSKNHHGFAP09DA,48,117.12,傳動室,鋼筋混凝土加強磚造,63年7月30日,一層,一層,持分移轉
RPQNMLSKNHHGFAP09DA,48,122.98,修理室,鋼筋混凝土加強磚造,63年7月30日,一層,一層,持分移轉
RPQNMLSKNHHGFAP09DA,48,57.83,傳動室,鋼筋混凝土加強磚造,63年7月30日,一層,一層,持分移轉
RPQNMLSKNHHGFAP09DA,48,316.22,成品倉庫,鋼筋混凝土加強磚造,63年7月30日,一層,一層,持分移轉
RPQNMLSKNHHGFAP09DA,52,645.92,抄紙室、整理室,鋼筋混凝土加強磚造,59年6月10日,一層,一層,持分移轉
RPQNMLSKNHHGFAP09DA,48,65.88,辦公廳,鋼筋混凝土加強磚造,63年7月30日,一層,一層,持分移轉
RPQNMLSKNHHGFAP09DA,48,51.24,捲筒倉庫,鋼筋混凝土加強磚造,63年7月30日,一層,一層,持分移轉
RPQNMLSKNHHGFAP09DA,52,380.64,加工室,鋼筋混凝土加強磚造,59年6月10日,一層,一層,持分移轉
RPQNMLSKNHHGFAP09DA,52,87.84,加工室,鋼筋混凝土加強磚造,59年6月10日,三層,一層 二層 三層,持分移轉
RPQNMLSKNHHGFAP09DA,52,247.12,物料庫、修理室、藥品庫,鋼筋混凝土加強磚造,59年6月10日,一層,一層,持分移轉
RPPNMLNLNHHGFEP98DA,27,178.02,住家用,鋼筋混凝土造,83年11月29日,三層,一層 二層 三層 陽台 騎樓 電梯樓梯間 花台,全筆移轉
RPQNMLNLNHHGFDP09EA,38,212.37,住商用,加強磚造,73年3月14日,三層,一層 二層 三層 陽台 騎樓,全筆移轉
RPTOMLKLNHHGFAP88EA,30,92.61,住家用,鋼筋混凝土造,81年10月11日,七層,三層 陽台,全筆移轉
RPTOMLKLNHHGFAP88EA,30,32.53,共有部份,鋼筋混凝土造,81年10月11日,七層,,持分移轉
RPUNMLNKNHHGFAP98DA,12,10.89,辦公室,鋼筋混凝土造,99年2月23日,七層,七層 陽台 雨遮,全筆移轉
RPUNMLNKNHHGFAP98DA,12,3.96,台電配電室、停車空間、水箱、緊急發電機及消幫浦室〈共有部份〉,鋼筋混凝土造,99年2月23日,七層,,持分移轉
RPUNMLNKNHHGFAP98DA,12,5.16,公設梯廳、走道、機械室、水箱、樓梯間、電信室、停車空間（共有部份）,鋼筋混凝土造,99年2月23日,七層,,持分移轉
RPQNMLPLNHHGFCP09DA,6,164.68,住宅、停車空間,鋼筋混凝土造,104年12月31日,三層,一層 二層 三層 見其他登記事項 見其他登記事項,全筆移轉
RPRNMLNLNHHGFBP88DA,2,226.71,停車空間、住宅、樓梯間,鋼筋混凝土造,109年9月17日,三層,一層 二層 三層 陽台 見其他登記事項,全筆移轉
RPVNMLNLNHHGFAP66EA,26,7.66,共有部份,鋼筋混凝土造,84年12月18日,十層,,持分移轉
RPVNMLNLNHHGFAP66EA,26,4.80,共有部份,鋼筋混凝土造,84年12月18日,十層,,持分移轉
RPVNMLNLNHHGFAP66EA,26,20.94,住家用,鋼筋混凝土造,84年12月18日,十層,七層,全筆移轉
RPPOMLPLNHHGFAP98EA,27,167.82,住家用,鋼筋混凝土造,84年1月10日,三層,一層 二層 三層 陽台 電梯樓梯間,全筆移轉
RPPOMLNLNHHGFAP78EA,28,2.47,住家用,鋼筋混凝土造,83年3月18日,四層,一層 二層 三層 四層 陽台 平台 雨遮 見其他登記事項,持分移轉
RPPOMLNLNHHGFAP78EA,28,133.93,住家用,鋼筋混凝土造,83年1月20日,三層,一層 二層 三層 陽台 平台 電梯樓梯間 雨遮,全筆移轉
RPWNMLPLNHHGFAP96EA,55,78.16,住家用,加強磚造,55年11月19日,一層,一層 騎樓,全筆移轉
RPOOMLPLNHHGFEP56DA,,187.06,住家用,鋼筋混凝土造,111年1月25日,三層,一層 二層 三層 見其他登記事項,全筆移轉
RPXNMLPLNHHGFEP37DA,,178.44,住家用,鋼筋混凝土造,111年1月25日,三層,一層 二層 三層,全筆移轉
RPPNMLMLNHHGFCP68DA,40,156.93,住商用,ＲＣ構架造,71年8月26日,三層,一層 二層 三層 騎樓 電梯樓梯間,全筆移轉
RPOOMLNLNHHGFAP58DA,24,25.24,住家用,鋼筋混凝土造,87年10月30日,十層,五層 陽台,全筆移轉
RPOOMLNLNHHGFAP58DA,24,8.10,共有部份,鋼筋混凝土造,87年10月30日,十層,,持分移轉
RPOOMLNLNHHGFAP58DA,24,5.03,共有部份,鋼筋混凝土造,87年10月30日,十層,,持分移轉
RPPNMLPLNHHGFAP78DA,43,65.13,住家用,加強磚造,68年6月30日,二層,一層 二層 電梯樓梯間,持分移轉
RPOPMLOLNHHGFAP78DA,16,21.35,共有部份,鋼筋混凝土造,95年6月23日,,,持分移轉
RPOPMLOLNHHGFAP78DA,16,227.99,住宅、停車空間,鋼筋混凝土造,95年6月23日,四層,一層 二層 三層 四層 陽台 地下層,全筆移轉
RPPNMLPLNHHGFAP78DA,43,69.40,住家用,加強磚造,68年6月30日,二層,一層 二層 電梯樓梯間,持分移轉
RPRNMLKMNHHGFCP88EA,42,196.20,住家用,加強磚造,69年7月1日,三層,一層 二層 三層 陽台 騎樓 電梯樓梯間,全筆移轉
RPROMLPLNHHGFAP09DA,33,190.76,住宅、梯間,加強磚造,78年7月13日,二層,一層 二層 陽台 屋頂突出物,全筆移轉
RPPNMLNLNHHGFDP88DA,24,172.59,住家用,鋼筋混凝土造,87年1月13日,三層,一層 二層 三層 陽台 騎樓 電梯樓梯間,全筆移轉
RPTNMLKMNHHGFAP88EA,25,28.10,住家用,鋼筋混凝土造,86年5月15日,十六層,九層 花台,全筆移轉
RPTNMLKMNHHGFAP88EA,25,4.42,共有部份,鋼筋混凝土造,86年5月15日,十六層,,持分移轉
RPTNMLKMNHHGFAP88EA,25,9.24,共有部份,鋼筋混凝土造,86年5月15日,十六層,,持分移轉
RPTNMLKMNHHGFEP56DA,23,226.64,住家用,鋼筋混凝土造,88年6月21日,四層,一層 二層 三層 四層 陽台 電梯樓梯間,全筆移轉
RPPNMLKMNHHGFAP38DA,2,57.86,集合住宅,鋼筋混凝土造,109年8月5日,五層,四層 陽台,全筆移轉
RPPNMLKMNHHGFAP38DA,2,28.52,停車空間、共用梯廳、管委會使用空間、機電設備空間、樓梯間、水箱,鋼筋混凝土造,109年8月5日,五層,,持分移轉
RPWNMLRLNHHGFAP07DA,19,167.23,住家用,鋼筋混凝土造,92年1月8日,四層,一層 二層 三層 四層 陽台,全筆移轉
RPSNMLKMNHHGFBP78DA,18,160.00,農舍,鋼鐵有壁造,93年10月24日,一層,一層,全筆移轉
RPQNMLKMNHHGFAP48DA,1,81.33,集合住宅,鋼筋混凝土造,109年11月13日,五層,二層 陽台,全筆移轉
RPQNMLKMNHHGFAP48DA,1,22.19,安全梯間、管委會、門廳、電信室、走廊,鋼筋混凝土造,109年11月13日,五層,,持分移轉
RPOQMLLMNHHGFAP78EA,28,75.47,住家用,鋼筋混凝土造,83年7月13日,三層,一層 二層 三層 陽台 電梯樓梯間 夾層,持分移轉
SPOQMLLMNHHGFAP88EA,28,226.40,住家用,鋼筋混凝土造,83年7月13日,三層,一層 二層 三層 陽台 電梯樓梯間 夾層,持分移轉
RPVNMLKMNHHGFAP98DA,1,75.60,集合住宅,鋼筋混凝土造,110年6月10日,七層,二層 陽台,全筆移轉
RPVNMLKMNHHGFAP98DA,1,36.71,停車空間、管理委員會空間、樓梯間、走廊、車道、機械式、水箱,鋼筋混凝土造,110年6月10日,七層,,持分移轉
RPUNMLKMNHHGFAP88DA,1,38.36,集合住宅,鋼筋混凝土造,110年6月10日,七層,五層 陽台,全筆移轉
RPUNMLKMNHHGFAP88DA,1,18.33,停車空間、管理委員會空間、樓梯間、走廊、車道、機械式、水箱,鋼筋混凝土造,110年6月10日,七層,,持分移轉
RPWNMLKMNHHGFAP09DA,1,38.02,集合住宅,鋼筋混凝土造,110年6月10日,七層,四層 陽台,全筆移轉
RPWNMLKMNHHGFAP09DA,1,41.98,停車空間、管理委員會空間、樓梯間、走廊、車道、機械式、水箱,鋼筋混凝土造,110年6月10日,七層,,持分移轉
RPQNMLLMNHHGFAP58DA,42,83.28,住家用,加強磚造,69年11月4日,二層,一層 二層,全筆移轉
RPUNMLSKNHHGFAP96EA,25,24.75,農舍,鋼筋混凝土造,85年11月22日,三層,一層 二層 三層 陽台 電梯樓梯間,持分移轉
RPTNMLLJOHHGFAP78EA,30,103.99,住商用,鋼筋混凝土造,81年11月1日,六層,一層 二層 騎樓 花台,全筆移轉
RPTNMLLJOHHGFAP78EA,30,17.61,共有部份,鋼筋混凝土造,81年11月1日,六層,,持分移轉
RPOOMLLJOHHGFDP68EA,43,112.86,住商用,加強磚造,68年2月25日,二層,一層 二層,全筆移轉
RPPNMLLJOHHGFCP58EA,41,133.65,住商用,加強磚造,70年4月2日,二層,一層 二層 騎樓,全筆移轉
RPUNMLLJOHHGFAP88EA,17,188.44,住家用,鋼筋混凝土造,94年1月20日,四層,一層 二層 三層 四層 見其他登記事項,全筆移轉
RPSNMLLMNHHGFFP66DA,42,114.07,住商用,加強磚造,69年10月24日,二層,一層 二層 騎樓,全筆移轉
RPPNMLOKNHHGFFP09DA,42,118.60,住商用,加強磚造,69年9月13日,二層,一層 二層 騎樓,全筆移轉
RPRNMLLMNHHGFAP68DA,23,34.34,住家用,鋼筋混凝土造,88年2月2日,十層,十層 陽台,全筆移轉
RPRNMLLMNHHGFAP68DA,23,1.93,共有部份,鋼筋混凝土造,88年2月2日,十層,,持分移轉
RPRNMLLMNHHGFAP68DA,23,5.97,共有部份,鋼筋混凝土造,88年2月2日,十層,,持分移轉
RPRNMLLMNHHGFAP68DA,23,4.80,共有部份,鋼筋混凝土造,88年2月2日,十層,,持分移轉
RPOOMLLJOHHGFDP58DA,37,204.60,騎樓、店鋪、住宅、梯間,鋼筋混凝土造,74年2月1日,三層,一層 二層 三層 騎樓 見其他登記事項,全筆移轉
RPPNMLMJOHHGFCP58DA,41,127.90,住商用,加強磚造,70年2月18日,二層,一層 二層 騎樓,全筆移轉
RPPNMLQJOHHGFAP78DA,39,194.11,住商用,鋼筋混凝土加強磚造,72年1月5日,三層,一層 二層 三層 騎樓 電梯樓梯間 地下層,全筆移轉
RPUOMLKLNHHGFAP88DA,4,241.84,住家用,鋼筋混凝土造,107年11月5日,三層,一層 二層 三層 陽台,全筆移轉
RPQNMLRLNHHGFDP76DA,9,165.47,店鋪、住宅,鋼筋混凝土造,102年11月1日,三層,一層 二層 三層 陽台,全筆移轉
RPTNMLLMNHHGFFP76DA,28,190.01,住家用,鋼筋混凝土造,83年9月17日,三層,一層 二層 三層 陽台 騎樓,全筆移轉
RPQOMLRJOHHGFAP56EA,54,98.22,住家用,磚造,57年1月30日,一層,一層,全筆移轉
RPWOMLMJOHHGFAP66EA,23,19.21,共有部份,鋼筋混凝土造,88年2月2日,十層,,持分移轉
RPRNMLLMNHHGFDP98DA,43,228.65,住商用,加強磚造,68年7月15日,三層,一層 二層 三層 騎樓 電梯樓梯間,全筆移轉
RPTNMLQJOHHGFDP86DA,15,237.35,住家用,鋼筋混凝土造,95年11月27日,四層,一層 二層 三層 四層 陽台,全筆移轉
RPUNMLMJOHHGFAP88DA,26,2.14,共有部份,鋼筋混凝土造,85年7月22日,,,持分移轉
RPUNMLMJOHHGFAP88DA,26,21.17,共有部份,鋼筋混凝土造,85年7月22日,,,持分移轉
RPUNMLMJOHHGFAP88DA,26,94.02,住家用,鋼筋混凝土造,85年7月22日,八層,七層 陽台 花台,全筆移轉
RPUNMLMJOHHGFDP56DA,28,21.88,住家用,鋼筋混凝土造,83年6月14日,九層,五層 陽台,全筆移轉
RPUNMLMJOHHGFDP56DA,28,8.27,共有部份,鋼筋混凝土造,83年6月14日,九層,,持分移轉
RPPNMLPJOHHGFAP68DA,3,283.60,住宅、門廊,鋼筋混凝土造,108年9月20日,四層,一層 二層 三層 四層 陽台 見其他登記事項,全筆移轉
RPPNMLPJOHHGFAP68DA,3,129.60,停車空間,鋼筋混凝土造,108年9月20日,四層,,持分移轉
RPQNMLSJOHHGFCP76EA,27,205.20,住商用,鋼筋混凝土造,84年8月23日,四層,一層 二層 三層 四層 陽台 騎樓,全筆移轉
RPSNMLTJOHHGFDP17EA,24,84.30,住家用,鋼筋混凝土造,87年8月1日,六層,五層 陽台 見其他登記事項,全筆移轉
RPSNMLTJOHHGFDP17EA,24,20.81,共有部份,鋼筋混凝土造,87年8月1日,六層,,持分移轉
RPSNMLTJOHHGFDP17EA,24,9.11,共有部份,鋼筋混凝土造,87年8月1日,六層,,持分移轉
RPPNMLOKNHHGFDP88DA,3,192.13,住宅、樓梯間,鋼筋混凝土造,108年3月15日,三層,一層 二層 三層 陽台 見其他登記事項,全筆移轉
RPPNMLOKNHHGFDP88DA,3,.09,管理室,鋼筋混凝土造,108年3月15日,一層,一層,持分移轉
RPSNMLSJOHHGFDP96DA,,213.42,停車空間、集合住宅、樓梯間,鋼筋混凝土造,111年3月8日,三層,一層 二層 三層 陽台 見其他登記事項,全筆移轉
RPTNMLSJOHHGFDP07DA,,210.62,停車空間、集合住宅、樓梯間,鋼筋混凝土造,111年3月8日,三層,一層 二層 三層 陽台 見其他登記事項,全筆移轉
RPUNMLPKMHHGFEP86DA,33,116.05,住家用,鋼筋混凝土造,78年9月30日,三層,一層 二層 三層 陽台 電梯樓梯間,全筆移轉
RPSNMLQJNHHGFDP66DA,7,243.06,一般事務所、門廊、停車空間,鋼筋混凝土造,104年3月13日,二層,一層 二層 陽台 地下一層,全筆移轉
RPQNMLSKMHHGFDP66DA,,165.53,住家用,鋼筋混凝土造,110年11月3日,三層,一層 二層 三層 陽台,全筆移轉
RPQOMLSKMHHGFEP86DA,48,113.45,住家用,鋼筋加強磚造平頂,63年10月4日,二層,一層 二層 騎樓,全筆移轉
RPSNMLSKMHHGFCP86EA,47,62.05,住家用,加強磚造,64年3月4日,二層,一層 二層 騎樓,全筆移轉
RPWNMLOKMHHGFAP66EA,12,9.79,辦公室,鋼筋混凝土造,99年2月23日,七層,四層 雨遮,全筆移轉
RPWNMLOKMHHGFAP66EA,12,.90,台電配電室、停車空間、水箱、緊急發電機及消幫浦室〈共有部份〉,鋼筋混凝土造,99年2月23日,七層,,持分移轉
RPWNMLOKMHHGFAP66EA,12,4.86,公設梯廳、走道、機械室、水箱、樓梯間、電信室、停車空間（共有部份）,鋼筋混凝土造,99年2月23日,七層,,持分移轉
RPVNMLTKMHHGFAP07EA,17,17.99,住家用,鋼筋混凝土造,94年5月11日,四層,二層,全筆移轉
RPVNMLTKMHHGFAP07EA,17,6.71,共有部份,鋼筋混凝土造,94年5月11日,四層,,持分移轉
RPPNMLKLMHHGFEP58DA,8,395.35,住家用,鋼筋混凝土造,103年5月20日,五層,陽台 見其他登記事項,全筆移轉
RPPNMLKLMHHGFFP68DA,1,157.10,住宅,ＲＣ造,109年10月15日,三層,一層 二層 三層 陽台,全筆移轉
RPROMLLLMHHGFAP68EA,26,26.75,住家用,鋼筋混凝土造,84年11月21日,九層,三層 花台,全筆移轉
RPROMLLLMHHGFAP68EA,26,5.33,共有部份,鋼筋混凝土造,84年11月21日,九層,,持分移轉
RPROMLLLMHHGFAP68EA,26,2.83,共有部份,鋼筋混凝土造,84年11月21日,九層,,持分移轉
RPPNMLPLMHHGFBP78DA,,55.31,住家用,鋼筋混凝土加強磚造,,一層,一層,全筆移轉
RPVNMLMLMHHGFAP09EA,27,81.21,住家用,鋼筋混凝土造,83年10月15日,七層,六層 陽台,全筆移轉
RPVNMLMLMHHGFAP09EA,27,32.27,共有部份,鋼筋混凝土造,83年10月15日,七層,,持分移轉
RPUOMLSKMHHGFAP86DA,40,88.03,住家用,加強磚造,70年11月3日,二層,一層 二層,全筆移轉
RPXOMLSKMHHGFAP17DA,40,117.48,住商用,加強磚造,70年10月21日,二層,一層 二層 騎樓 電梯樓梯間,全筆移轉
RPPNMLLKMHHGFDP48DA,22,6.66,水箱，機械室，車道,鋼筋混凝土造,89年5月5日,六層,,持分移轉
RPPNMLLKMHHGFDP48DA,22,7.50,停車空間,鋼筋混凝土造,89年5月5日,六層,一層,持分移轉
RPPNMLLKMHHGFDP48DA,22,14.98,梯間，水箱，屋突,鋼筋混凝土造,89年5月5日,六層,,持分移轉
RPPNMLLKMHHGFDP48DA,22,91.82,集合住宅,鋼筋混凝土造,89年5月5日,六層,四層 陽台,全筆移轉
RPVNMLRLMHHGFAP96EA,41,109.93,住家用,加強磚造,69年12月27日,二層,一層 二層 電梯樓梯間,全筆移轉
RPOPMLTKMHHGFAP56EA,29,70.47,商業用,鋼筋混凝土造,82年2月18日,七層,一層 平台 騎樓,全筆移轉
RPOPMLTKMHHGFAP56EA,29,74.39,住家用,鋼筋混凝土造,82年2月18日,七層,二層 陽台 花台,全筆移轉
RPOPMLTKMHHGFAP56EA,29,8.55,共有部份,鋼筋混凝土造,82年2月18日,七層,,持分移轉
RPOPMLTKMHHGFAP56EA,29,38.77,共有部份,鋼筋混凝土造,82年2月18日,七層,,持分移轉
RPPOMLPLMHHGFAP78DA,40,106.76,住商用,加強磚造,71年8月24日,二層,一層 二層 騎樓 電梯樓梯間,全筆移轉
RPPNMLPLMHHGFDP98DA,34,68.61,住商用,加強磚造,77年7月30日,二層,一層 二層 陽台 騎樓,持分移轉
RPUNMLLLMHHGFDP09DA,28,20.98,住家用,鋼筋混凝土造,83年6月14日,九層,九層 陽台,全筆移轉
RPUNMLLLMHHGFDP09DA,28,8.10,共有部份,鋼筋混凝土造,83年6月14日,九層,,持分移轉
RPRNMLKLMHHGFDP68DA,26,199.96,住家用,鋼筋混凝土造,84年10月27日,四層,一層 二層 三層 四層 陽台,全筆移轉
RPQOMLNKMHHGFEP98DA,39,109.71,住商用,鋼筋混凝土加強磚造,71年12月16日,二層,一層 二層 陽台 騎樓 電梯樓梯間,全筆移轉
RPTNMLRLMHHGFEP07DA,27,102.61,住家用,鋼筋混凝土造,84年7月20日,十二層,三層 陽台,全筆移轉
RPTNMLRLMHHGFEP07DA,27,23.32,防空避難停車、梯間、機械房、水箱,鋼筋混凝土造,84年7月20日,一層,,持分移轉
RPSNMLRLMHHGFAP66EA,27,29.47,辦公室,鋼筋混凝土造,84年5月13日,十三層,四層 花台,全筆移轉
RPSNMLRLMHHGFAP66EA,27,5.23,共有部份,鋼筋混凝土造,84年5月13日,十三層,,持分移轉
RPSNMLRLMHHGFAP66EA,27,4.73,共有部份,鋼筋混凝土造,84年5月13日,十三層,,持分移轉
RPOOMLPLMHHGFAP68DA,28,32.46,共有部份,鋼筋混凝土造,83年1月10日,八層,,持分移轉
RPOOMLPLMHHGFAP68DA,28,82.72,住家用,鋼筋混凝土造,83年1月10日,八層,五層 陽台,全筆移轉
RPUNMLSLMHHGFBP96DA,2,.13,共有部份,鋼筋混凝土造,109年4月15日,一層,,持分移轉
RPUNMLSLMHHGFBP96DA,2,115.85,住家用,鋼筋混凝土造,109年4月15日,三層,一層 二層 三層 陽台,全筆移轉
RPWNMLTLMHHGFDP47DA,26,121.69,住家用,鋼筋混凝土造,85年9月23日,四層,一層 二層 三層 四層 地下層 見其他登記事項,持分移轉
RPXNMLTLMHHGFDP67EA,42,122.64,住商用,加強磚造,68年11月17日,二層,一層 二層 騎樓,全筆移轉
RPPNMLNJNHHGFEP78DA,34,57.19,住家用,加強磚造,76年10月29日,一層,一層,全筆移轉
RPSNMLNJNHHGFCP98EA,1,169.51,住宅、樓梯間,鋼筋混凝土造,109年11月27日,三層,陽台 見其他登記事項,全筆移轉
RPRNMLTLMHHGFBP86EA,43,178.10,住家用,加強磚造,68年8月4日,三層,一層 二層 三層 騎樓 電梯樓梯間,全筆移轉
RPRNMLOJNHHGFBP88EA,27,240.61,住商用,鋼骨造,83年10月20日,四層,一層 二層 三層 四層 陽台 騎樓 電梯樓梯間,全筆移轉
RPQNMLOJNHHGFBP78EA,27,242.23,住商用,鋼骨造,83年10月20日,四層,一層 二層 三層 四層 陽台 騎樓 電梯樓梯間,全筆移轉
RPWNMLNJNHHGFAP56EA,23,110.52,住家用,鋼筋混凝土造,88年9月26日,五層,四層 五層 陽台 屋頂突出物,全筆移轉
RPWNMLNJNHHGFAP56EA,23,19.15,停車空間,鋼筋混凝土造,88年9月6日,五層,,持分移轉
RPWNMLNJNHHGFAP56EA,23,21.57,共有部份,鋼筋混凝土造,88年9月26日,五層,,持分移轉
RPRNMLNJNHHGFCP78DA,28,300.89,農舍,鋼鐵(有牆)造,83年3月3日,一層,一層,全筆移轉
RPQNMLOLMHHGFAP68DA,23,28.76,住家用,鋼筋混凝土造,87年10月30日,十層,七層 陽台,全筆移轉
RPQNMLOLMHHGFAP68DA,23,25.24,住家用,鋼筋混凝土造,87年10月30日,十層,七層 陽台,全筆移轉
RPQNMLOLMHHGFAP68DA,23,12.34,共有部份,鋼筋混凝土造,87年10月30日,十層,,持分移轉
RPQNMLOLMHHGFAP68DA,23,8.10,共有部份,鋼筋混凝土造,87年10月30日,十層,,持分移轉
RPQNMLOLMHHGFAP68DA,23,7.69,共有部份,鋼筋混凝土造,87年10月30日,十層,,持分移轉
RPQNMLOLMHHGFAP68DA,23,5.03,共有部份,鋼筋混凝土造,87年10月30日,十層,,持分移轉
RPWNMLOJNHHGFAP56DA,11,232.33,住家用,鋼筋混凝土造,100年5月20日,四層,一層 二層 三層 四層 陽台,全筆移轉
RPPNMLTLMHHGFBP56DA,2,226.71,停車空間、住宅、樓梯間,鋼筋混凝土造,109年9月17日,三層,一層 二層 三層 陽台 見其他登記事項,全筆移轉
RPQNMLPLMHHGFBP88DA,40,114.93,住商用,加強磚造,70年12月1日,二層,一層 二層 陽台 騎樓 電梯樓梯間,全筆移轉
RPWNMLOJNHHGFFP07DA,,157.86,住家用,加強磚造,65年6月1日,三層,一層 二層 三層 陽台 騎樓,全筆移轉
RPOOMLPJNHHGFDP98EA,24,19.40,住家用,鋼筋混凝土造,86年11月6日,八層,五層 陽台,全筆移轉
RPOOMLPJNHHGFDP98EA,24,2.25,共有部份,鋼筋混凝土造,86年11月6日,八層,,持分移轉
RPOOMLPJNHHGFDP98EA,24,1.43,共有部份,鋼筋混凝土造,86年11月6日,八層,,持分移轉
RPOOMLPJNHHGFDP98EA,24,1.13,共有部份,鋼筋混凝土造,86年11月6日,八層,,持分移轉
RPOOMLPJNHHGFDP98EA,24,.14,共有部份,鋼筋混凝土造,86年11月6日,八層,,持分移轉
RPOOMLPJNHHGFDP98EA,24,2.82,共有部份,鋼筋混凝土造,86年11月6日,八層,,持分移轉
RPQNMLPJNHHGFEP09DA,30,212.47,住家用,鋼筋混凝土造,80年10月31日,四層,一層 二層 三層 四層 陽台,全筆移轉
RPQPMLNJNHHGFAP68DA,1,75.60,集合住宅,鋼筋混凝土造,110年6月10日,七層,六層 陽台,全筆移轉
RPQPMLNJNHHGFAP68DA,1,36.67,停車空間、管理委員會空間、樓梯間、走廊、車道、機械式、水箱,鋼筋混凝土造,110年6月10日,七層,,持分移轉
RPSNMLRLMHHGFAP56DA,28,182.12,住家用,鋼筋混凝土造,83年6月16日,三層,一層 二層 三層 陽台 平台 電梯樓梯間,全筆移轉
RPPNMLRLMHHGFAP88DA,29,37.23,住家用,鋼筋混凝土造,82年4月24日,七層,六層 陽台,全筆移轉
RPPNMLRLMHHGFAP88DA,29,8.81,共有部份,鋼筋混凝土造,82年4月24日,七層,,持分移轉
RPPNMLSLMHHGFAP98DA,27,211.68,住家用,鋼筋混凝土造,83年11月15日,五層,一層 二層 三層 四層 五層 騎樓 見其他登記事項,全筆移轉
RPXNMLRLMHHGFAP07DA,27,30.74,住家用,鋼筋混凝土造,83年11月15日,十二層,八層 陽台,全筆移轉
RPXNMLRLMHHGFAP07DA,27,4.57,共有部份,鋼筋混凝土造,83年11月15日,十二層,,持分移轉
RPXNMLRLMHHGFAP07DA,27,5.57,共有部份,鋼筋混凝土造,83年11月15日,十二層,,持分移轉
RPSNMLMJNHHGFAP68EA,28,159.32,住家用,鋼筋混凝土造,83年6月28日,三層,一層 二層 三層 陽台 平台 電梯樓梯間,全筆移轉
RPQOMLOJNHHGFAP78EA,30,92.04,住家用,鋼筋混凝土造,81年2月12日,五層,五層 陽台,全筆移轉
RPQOMLOJNHHGFAP78EA,30,7.06,共有部份,鋼筋混凝土造,81年2月12日,五層,,持分移轉
RPRNMLLLMHHGFDP78DA,45,80.59,住家用,加強磚造,66年5月10日,二層,一層 二層 陽台,全筆移轉
RPPNMLPJNHHGFDP88DA,,271.68,住家用,鋼筋混凝土造,111年2月23日,三層,一層 二層 三層 陽台,全筆移轉
RPTOMLPJNHHGFAP09DA,1,41.05,集合住宅,鋼筋混凝土造,110年6月10日,七層,四層 陽台,全筆移轉
RPTOMLPJNHHGFAP09DA,1,20.06,停車空間、管理委員會空間、樓梯間、走廊、車道、機械式、水箱,鋼筋混凝土造,110年6月10日,七層,,持分移轉
RPSNMLQJNHHGFEP76DA,42,90.52,住家用,加強磚造,68年11月4日,二層,一層 二層,全筆移轉
RPSNMLQJNHHGFAP09EA,8,193.81,運動休閒設施（保健館）、樓梯間,鋼筋混凝土造,103年6月18日,三層,一層 二層 三層 陽台 屋頂突出物,全筆移轉
RPRNMLTJNHHGFAP66EA,24,168.40,住家用,鋼筋混凝土造,86年10月27日,三層,一層 二層 三層 陽台 電梯樓梯間,全筆移轉
RPXNMLOJNHHGFAP76EA,2,10.77,停車空間,鋼筋混凝土造,109年7月3日,五層,,持分移轉
RPXNMLOJNHHGFAP76EA,2,17.19,管委會空間、昇降機、甲梯、乙梯、梯廳、廁所、機電設備空間、水塔間,鋼筋混凝土造,109年7月3日,五層,,持分移轉
RPXNMLOJNHHGFAP76EA,2,51.90,住家用,鋼筋混凝土造,109年7月3日,五層,四層 陽台,全筆移轉
RPOOMLOJNHHGFAP58EA,42,122.15,住家用,加強磚造,68年12月1日,二層,一層 二層 騎樓 電梯樓梯間,全筆移轉
RPRNMLMJNHHGFBP58DA,27,27.76,住家用,鋼筋混凝土造,84年7月10日,十三層,二層 陽台,全筆移轉
RPRNMLMJNHHGFBP58DA,27,43.19,住家用,鋼筋混凝土造,84年7月10日,十三層,二層 見其他登記事項,全筆移轉
RPRNMLMJNHHGFBP58DA,27,18.78,共有部份,鋼筋混凝土造,84年7月10日,十三層,,持分移轉
RPRNMLMJNHHGFBP58DA,27,41.52,共有部份,鋼筋混凝土造,84年7月10日,十三層,,持分移轉
RPXOMLNJNHHGFAP66DA,23,283.98,住商用,鋼筋混凝土造,88年1月22日,四層,一層 二層 三層 四層 騎樓 電梯樓梯間,全筆移轉
RPTNMLPLMHHGFAP09DA,2,289.66,住家用,鋼筋混凝土造,109年9月25日,三層,一層 二層 三層 陽台,全筆移轉
RPTNMLLKNHHGFAP78EA,41,113.09,住商用,加強磚造,70年7月11日,二層,一層 二層 騎樓 電梯樓梯間,全筆移轉
RPWNMLLKNHHGFAP09EA,43,95.24,住商用,加強磚造,68年7月8日,二層,一層 二層 騎樓,全筆移轉
RPUNMLLLMHHGFEP56DA,27,119.40,辦公室、住宅,鋼筋混凝土造,84年5月26日,十五層,十三層 陽台,全筆移轉
RPUNMLLLMHHGFEP56DA,27,2.89,共有部份,鋼筋混凝土造,84年5月26日,,,持分移轉
RPUNMLLLMHHGFEP56DA,27,15.42,共有部份,鋼筋混凝土造,84年5月26日,,,持分移轉
RPUNMLLLMHHGFEP56DA,27,2.12,共有部份,鋼筋混凝土造,84年5月26日,,,持分移轉
RPSNMLMKNHHGFBP88EA,9,214.20,住宅、樓梯間,鋼筋混凝土造,102年3月20日,三層,一層 二層 三層 陽台 電梯樓梯間,全筆移轉
RPRNMLLKNHHGFDP78DA,,140.82,住家用,鋼筋混凝土造,110年11月23日,三層,一層 二層 三層 陽台,全筆移轉
RPQNMLPJNHHGFDP98DA,,246.51,住家用,鋼筋混凝土造,111年2月12日,四層,一層 二層 三層 四層 陽台,全筆移轉
RPVNMLMKNHHGFAP09EA,43,106.44,住家用,加強磚造,68年5月20日,二層,一層 二層 騎樓 電梯樓梯間,全筆移轉
RPUNMLPJNHHGFEP86DA,18,1333.18,雞舍、倉儲設施、飼料桶,鋼鐵水泥柱木造,93年7月20日,一層,見其他登記事項,全筆移轉
RPTOMLTJNHHGFAP86DA,25,97.94,住家用,鋼筋混凝土造,86年2月11日,十三層,八層 陽台,全筆移轉
RPTOMLTJNHHGFAP86DA,25,29.90,共有部份,鋼筋混凝土造,86年2月11日,十四層,,持分移轉
RPQNMLSJNHHGFAP98DA,39,163.56,住家用,加強磚造,71年12月2日,二層,一層 二層,全筆移轉
RPPNMLSJNHHGFAP88DA,42,102.20,住家用,加強磚造,68年12月31日,二層,一層 二層,全筆移轉
RPQOMLMKNHHGFAP58DA,1,38.36,集合住宅,鋼筋混凝土造,110年6月10日,七層,三層 陽台,全筆移轉
RPQOMLMKNHHGFAP58DA,1,18.33,停車空間、管理委員會空間、樓梯間、走廊、車道、機械式、水箱,鋼筋混凝土造,110年6月10日,七層,,持分移轉
RPPOMLMKNHHGFAP48DA,1,73.25,集合住宅,鋼筋混凝土造,110年6月10日,七層,一層 陽台,全筆移轉
RPPOMLMKNHHGFAP48DA,1,41.94,停車空間、管理委員會空間、樓梯間、走廊、車道、機械式、水箱,鋼筋混凝土造,110年6月10日,七層,,持分移轉
RPUNMLRLMHHGFDP07DA,40,114.68,住商用,加強磚造,71年8月15日,二層,一層 二層 陽台 騎樓,全筆移轉
RPWNMLNKNHHGFDP96EA,16,141.96,住家用,鋼筋混凝土造,95年9月22日,三層,一層 二層 三層 見其他登記事項,全筆移轉
RPQNMLNKNHHGFCP88EA,7,232.13,停車空間、住宅,鋼筋混凝土造,104年2月6日,四層,一層 二層 三層 四層 見其他登記事項 見其他登記事項,全筆移轉
RPSNMLQKNHHGFDP86EA,,178.50,住宅、樓梯間,鋼筋混凝土造,111年1月25日,三層,一層 二層 三層 陽台 見其他登記事項,全筆移轉
RPSNMLKLMHHGFDP78DA,40,136.98,住家用,加強磚造,70年10月10日,二層,一層 二層 陽台 電梯樓梯間,全筆移轉
RPVNMLQKNHHGFAP86EA,5,78.44,集合住宅,鋼筋混凝土造,106年9月27日,五層,五層 陽台,全筆移轉
RPVNMLQKNHHGFAP86EA,5,36.78,停車空間、樓梯、昇降機,鋼筋混凝土造,106年9月27日,五層,,持分移轉
RPPNMLNKNHHGFBP58DA,41,115.81,住家用,加強磚造,70年2月16日,二層,一層 二層 騎樓 電梯樓梯間,全筆移轉
RPTNMLNKNHHGFCP09DA,8,232.11,住宅、樓梯間,鋼筋混凝土造,103年5月5日,三層,一層 二層 三層 見其他登記事項 見其他登記事項,全筆移轉
RPWNMLMKNHHGFAP09DA,17,212.39,辦公室,鋼筋混凝土造,94年7月25日,三層,一層 二層 三層 陽台,全筆移轉
RPRNMLNJNHHGFAP58DA,2,260.47,住宅、蓄水池,鋼筋混凝土造,109年9月15日,四層,一層 二層 三層 四層 陽台 屋頂突出物,全筆移轉
RPOOMLKKNHHGFCP38DA,,158.95,住家用,鋼筋混凝土造,110年12月24日,三層,一層 二層 三層 陽台,全筆移轉
RPPOMLQKNHHGFAP98EA,26,7.85,共有部份,鋼筋混凝土造,85年7月20日,九層,,持分移轉
RPPOMLQKNHHGFAP98EA,26,18.92,共有部份,鋼筋混凝土造,85年7月20日,九層,,持分移轉
RPPOMLQKNHHGFAP98EA,26,93.47,住家用,鋼筋混凝土造,85年7月20日,九層,七層 陽台 花台,全筆移轉
RPOOMLQKNHHGFAP88EA,28,119.34,住家用,鋼筋混凝土造,83年9月1日,八層,六層 陽台 花台,全筆移轉
RPOOMLQKNHHGFAP88EA,28,13.26,共有部份,鋼筋混凝土造,83年9月1日,八層,,持分移轉
RPVNMLMKNHHGFDP66DA,,145.99,住家用,鋼筋混凝土造,110年11月3日,三層,一層 二層 三層 陽台,全筆移轉
RPQNMLKKNHHGFEP68DA,40,118.93,住商用,鋼筋混凝土加強磚造,70年11月26日,二層,一層 二層 陽台 騎樓 電梯樓梯間,全筆移轉
RPSNMLRKNHHGFFP17EA,29,180.31,住商用,鋼筋混凝土造,81年12月16日,三層,一層 二層 三層 陽台 騎樓 電梯樓梯間,全筆移轉
RPVNMLSKNHHGFAP07EA,3,255.55,住家用,鋼筋混凝土造,108年4月2日,四層,一層 二層 三層 四層 陽台,全筆移轉
RPTNMLRKNHHGFAP76EA,1,162.45,住家用,鋼筋混凝土造,110年6月30日,三層,一層 二層 三層 陽台,全筆移轉
RPPNMLLKNHHGFDP58DA,,154.54,住家用,鋼筋混凝土造,110年11月23日,三層,一層 二層 三層 陽台,全筆移轉
RPXNMLSJNHHGFDP37DA,24,118.89,住商用,鋼筋混凝土造,87年8月1日,六層,一層 二層 見其他登記事項,全筆移轉
RPXNMLSJNHHGFDP37DA,24,29.25,共有部份,鋼筋混凝土造,87年8月1日,六層,,持分移轉
RPXNMLSJNHHGFDP37DA,24,12.63,共有部份,鋼筋混凝土造,87年8月1日,六層,,持分移轉
RPSOMLKKNHHGFCP78DA,,156.59,住家用,鋼筋混凝土造,110年12月24日,三層,一層 二層 三層 陽台,全筆移轉
RPTNMLSKNHHGFBP86DA,29,159.49,住家用,鋼筋混凝土造,82年8月6日,三層,一層 二層 三層 陽台 電梯樓梯間,全筆移轉
RPSNMLLLMHHGFCP78DA,28,139.16,住家用,鋼筋混凝土造,83年1月24日,三層,一層 二層 三層,全筆移轉
RPSNMLSKNHHGFBP76DA,27,201.33,住家用,鋼筋混凝土造,84年5月18日,三層,一層 二層 三層 陽台 平台 花台,全筆移轉
RPTNMLSKNHHGFDP07DA,1,286.54,住宅、停車空間,鋼筋混凝土造,110年9月11日,四層,一層 二層 三層 四層 陽台,全筆移轉
RPPNMLTKNHHGFDP86EA,,182.69,住宅、停車空間、樓梯間,鋼筋混凝土造,111年1月24日,三層,一層 二層 三層 陽台 見其他登記事項,全筆移轉
RPWNMLKLMHHGFDP56DA,6,220.69,住家用,鋼筋混凝土造,104年10月27日,四層,一層 二層 三層 四層 陽台,全筆移轉
RPTNMLRKNHHGFEP07DA,25,219.12,住家用,鋼筋混凝土造,86年7月30日,三層,一層 二層 三層 陽台 電梯樓梯間,全筆移轉
RPXOMLTKMHHGFAP27DA,49,82.11,住家用,鋼筋混凝土造,62年4月1日,三層,一層 二層 三層,全筆移轉
RPRNMLTKNHHGFAP66DA,23,110.52,住家用,鋼筋混凝土造,88年9月26日,五層,四層 五層 陽台 屋頂突出物,全筆移轉
RPRNMLTKNHHGFAP66DA,23,19.15,停車空間,鋼筋混凝土造,88年9月26日,五層,,持分移轉
RPRNMLTKNHHGFAP66DA,23,21.57,共有部份,鋼筋混凝土造,88年9月26日,五層,,持分移轉
RPSOMLNKNHHGFAP88DA,45,119.68,住家用,加強磚造,66年8月31日,二層,一層 二層 騎樓,全筆移轉
RPROMLQKNHHGFAP09DA,23,99.94,住家用,鋼筋混凝土造,88年9月26日,五層,二層 三層 陽台,全筆移轉
RPPNMLSKNHHGFAP98DA,3,357.19,停車空間、住宅、樓梯間,鋼筋混凝土造,108年10月2日,四層,一層 二層 三層 四層 陽台 屋頂突出物,全筆移轉
RPROMLQKNHHGFAP09DA,23,19.15,停車空間,鋼筋混凝土造,88年9月26日,五層,,持分移轉
RPROMLQKNHHGFAP09DA,23,19.45,共有部份,鋼筋混凝土造,88年9月26日,五層,,持分移轉
RPRNMLNJNHHGFBP68DA,,308.53,住宅、樓梯間,鋼筋混凝土造,110年12月6日,四層,一層 二層 三層 四層 陽台 見其他登記事項,全筆移轉
RPVNMLKLNHHGFEP66DA,32,91.54,住家用,加強磚造,79年8月7日,二層,一層 二層,全筆移轉
RPSNMLTKNHHGFDP07DA,43,135.17,住家用,加強磚造,68年5月21日,二層,一層 二層,全筆移轉
RPWNMLLLMHHGFEP76DA,27,93.74,住家用,鋼筋混凝土造,84年5月26日,十五層,九層 陽台,全筆移轉
RPWNMLLLMHHGFEP76DA,27,2.20,共有部份,鋼筋混凝土造,84年5月26日,,,持分移轉
RPWNMLLLMHHGFEP76DA,27,12.02,共有部份,鋼筋混凝土造,84年5月26日,,,持分移轉
RPWNMLLLMHHGFEP76DA,27,1.63,共有部份,鋼筋混凝土造,84年5月26日,,,持分移轉
RPRNMLNLNHHGFCP09EA,1,169.51,住宅、樓梯間,鋼筋混凝土造,109年11月27日,三層,陽台 見其他登記事項,全筆移轉
RPTNMLLKNHHGFDP98DA,,140.82,住家用,鋼筋混凝土造,110年11月23日,三層,一層 二層 三層 陽台,全筆移轉
RPWNMLNLNHHGFAP76EA,40,76.90,住家用,加強磚造,71年8月2日,二層,一層 二層,全筆移轉
RPTNMLNLNHHGFAP09EA,6,202.56,住家用,鋼筋混凝土造,105年9月23日,四層,一層 二層 三層 四層 陽台,全筆移轉
RPROMLOLNHHGFAP09EA,25,30.37,住家用,鋼筋混凝土造,86年5月15日,十六層,十層 花台,全筆移轉
RPROMLOLNHHGFAP09EA,25,4.88,共有部份,鋼筋混凝土造,86年5月15日,十六層,,持分移轉
RPROMLOLNHHGFAP09EA,25,10.00,共有部份,鋼筋混凝土造,86年5月15日,十六層,,持分移轉
RPWNMLPLMHHGFAP76DA,29,147.14,住商用,鋼筋混凝土造,81年11月4日,三層,一層 二層 三層 騎樓 電梯樓梯間,全筆移轉
RPQOMLOLNHHGFAP88DA,57,83.34,住商用,鋼筋混凝土加強磚造,53年10月31日,二層,一層 二層 騎樓,全筆移轉
RPQOMLOLNHHGFAP88DA,57,183.27,住商用,鋼筋混凝土加強磚造,53年10月31日,三層,一層 二層 三層 騎樓,全筆移轉
RPPNMLKLNHHGFAP28DA,26,131.15,住家用,鋼筋混凝土造,85年2月2日,三層,一層 二層 三層 陽台 電梯樓梯間,全筆移轉
RPXNMLNLNHHGFAP76DA,31,169.01,住家用,鋼筋混凝土造,80年6月10日,三層,一層 二層 三層 陽台 騎樓,全筆移轉
RPOOMLPLNHHGFAP88EA,3,209.46,住宅、樓梯間,鋼筋混凝土造,107年11月6日,三層,一層 二層 三層 陽台 屋頂突出物,全筆移轉
RPQNMLKLNHHGFDP68DA,1,203.08,住宅、樓梯間,鋼筋混凝土造,110年6月30日,三層,一層 二層 三層 陽台 見其他登記事項,全筆移轉
RPOOMLQKNHHGFDP09DA,,152.07,住宅、停車空間,鋼筋混凝土造,110年11月23日,三層,一層 二層 三層 陽台,全筆移轉
RPPNMLQLNHHGFDP56DA,44,243.53,住商用,鋼筋混凝土加強磚造,67年10月17日,四層,一層 二層 三層 四層 騎樓 電梯樓梯間,全筆移轉
RPPOMLLLMHHGFAP38DA,32,150.39,住家用,加強磚造,78年12月26日,二層,一層 二層 電梯樓梯間,全筆移轉
RPQNMLOJMHHGFBP58DA,40,95.20,住商用,加強磚造,71年9月25日,二層,一層 二層 騎樓,全筆移轉
RPUOMLOLNHHGFAP66DA,40,348.43,住家用,ＲＣ構架磚造,71年2月26日,四層,一層 二層 三層 四層 騎樓 電梯樓梯間 地下層,全筆移轉
RPPNMLMLNHHGFAP48DA,15,211.45,住家用,鋼筋混凝土造,95年12月25日,三層,一層 二層 三層 電梯樓梯間,全筆移轉
RPOOMLPLNHHGFDP09DA,26,92.74,住家用,鋼筋混凝土造,85年3月9日,十三層,十一層 陽台,全筆移轉
RPOOMLPLNHHGFDP09DA,26,10.66,共有部份,鋼筋混凝土造,85年3月9日,十三層,,持分移轉
RPOOMLPLNHHGFDP09DA,26,12.32,共有部份,鋼筋混凝土造,85年3月9日,十三層,,持分移轉
RPUNMLNJNHHGFDP56DA,41,94.30,住商用,加強磚造,70年6月15日,二層,一層 二層 騎樓,全筆移轉
RPQNMLKMNHHGFBP58DA,1,158.82,住宅、樓梯間,鋼筋混凝土造,110年8月27日,三層,一層 二層 三層 見其他登記事項,全筆移轉
RPRNMLRLNHHGFAP56DA,29,271.62,住商用,鋼筋混凝土造,82年2月15日,五層,一層 二層 三層 四層 五層 陽台 騎樓 電梯樓梯間,全筆移轉
RPPNMLRLNHHGFBP09DA,23,80.89,住家用,鋼筋混凝土造,88年7月10日,八層,一層 陽台,全筆移轉
RPPNMLRLNHHGFBP09DA,23,24.33,共有部份,鋼筋混凝土造,88年7月10日,八層,,持分移轉
RPPNMLRLNHHGFBP09DA,23,9.18,共有部份,鋼筋混凝土造,88年7月10日,八層,,持分移轉
RPWNMLRKNHHGFAP96DA,26,17.44,共有部份,鋼筋混凝土造,84年11月20日,七層,,持分移轉
RPWNMLRKNHHGFAP96DA,26,.00,共有部份,鋼筋混凝土造,84年11月20日,七層,,
RPWNMLRKNHHGFAP96DA,26,8.83,共有部份,鋼筋混凝土造,84年11月20日,七層,,持分移轉
RPWNMLRKNHHGFAP96DA,26,128.16,住家用,鋼筋混凝土造,84年11月20日,七層,四層 陽台 雨遮,全筆移轉
RPSNMLRLNHHGFAP66DA,28,85.89,住家用,鋼筋混凝土造,83年7月28日,六層,四層 陽台,全筆移轉
RPVOMLNJNHHGFAP09DA,7,177.64,住宅、樓梯間,鋼筋混凝土造,104年5月28日,二層,一層 二層 陽台 屋頂突出物,全筆移轉
RPSNMLRLNHHGFAP66DA,28,31.83,共有部份,鋼筋混凝土造,83年7月28日,六層,,持分移轉
RPVNMLQLNHHGFAP86DA,29,94.93,住家用,鋼筋混凝土造,82年3月2日,三層,一層 二層 三層 陽台 電梯樓梯間,持分移轉
RPPNMLRLNHHGFDP66DA,44,101.18,住家用,加強磚造,66年12月31日,二層,一層 二層,全筆移轉
RPUNMLLMNHHGFBP09DA,59,114.80,商業用,加強磚造,51年10月30日,一層,一層,全筆移轉
RPXNMLRLNHHGFAP17DA,30,118.37,住家用,鋼筋混凝土造,81年4月15日,五層,四層 陽台,全筆移轉
RPXNMLRLNHHGFAP17DA,30,10.26,共有部份,鋼筋混凝土造,81年4月15日,五層,,持分移轉
RPXNMLRLNHHGFAP17DA,30,38.21,共有部份,鋼筋混凝土造,81年4月15日,五層,,持分移轉
RPQNMLQLNHHGFAP98DA,28,13.75,儲藏室、停車場、辦公室,鋼筋混凝土造,83年6月15日,十二層,地下層,持分移轉
RPQNMLQLNHHGFAP98DA,28,10.13,共有部份,鋼筋混凝土造,83年6月15日,,,持分移轉
RPQNMLQLNHHGFAP98DA,28,86.59,住家用,鋼筋混凝土造,83年6月15日,十一層,十一層 陽台,全筆移轉
RPQNMLQLNHHGFAP98DA,28,11.84,共有部份,鋼筋混凝土造,83年6月15日,十一層,,持分移轉
RPVOMLKMNHHGFAP09DA,23,99.94,住家用,鋼筋混凝土造,88年9月26日,五層,二層 三層 陽台,全筆移轉
RPVOMLKMNHHGFAP09DA,23,19.15,停車空間,鋼筋混凝土造,88年9月26日,五層,,持分移轉
RPVOMLKMNHHGFAP09DA,23,19.45,共有部份,鋼筋混凝土造,88年9月26日,五層,,持分移轉
RPPNMLLMNHHGFAP48DA,29,273.11,住家用,鋼筋混凝土造,82年10月10日,五層,一層 二層 三層 四層 五層 陽台 騎樓,全筆移轉
RPPNMLLMNHHGFAP48DA,29,53.79,共有部份,鋼筋混凝土造,82年10月10日,五層,,持分移轉
RPSNMLLMNHHGFCP09EA,81,32.72,住家用,木石磚造﹝磚石造﹞,30年1月1日,一層,一層,全筆移轉
RPVNMLLJOHHGFDP56DA,,210.62,停車空間、集合住宅、樓梯間,鋼筋混凝土造,111年3月8日,三層,一層 二層 三層 陽台 見其他登記事項,全筆移轉
RPPOMLLMNHHGFAP58DA,28,139.50,住家用,鋼筋混凝土造,83年2月21日,三層,一層 二層 三層 電梯樓梯間,全筆移轉
RPOOMLMJOHHGFAP38DA,47,200.82,住商用,鋼筋混凝土加強磚造,64年3月26日,四層,一層 二層 三層 四層 騎樓,全筆移轉
RPWNMLLJOHHGFDP66DA,,210.62,停車空間、集合住宅、樓梯間,鋼筋混凝土造,111年3月8日,三層,一層 二層 三層 陽台 見其他登記事項,全筆移轉
RPXNMLLJOHHGFDP76DA,,218.17,停車空間、集合住宅、樓梯間,鋼筋混凝土造,111年3月8日,三層,一層 二層 三層 陽台 見其他登記事項,全筆移轉
RPXOMLQJOHHGFAP17EA,27,294.27,住家用,鋼筋混凝土造,83年12月31日,三層,一層 二層 三層 陽台 電梯樓梯間,全筆移轉
RPRNMLRJOHHGFCP76EA,2,369.34,住家用,鋼骨混凝土造,109年8月17日,四層,一層 二層 三層 四層 陽台 屋頂突出物,全筆移轉
RPUNMLMJOHHGFFP76DA,31,207.09,住商用,ＲＣ構架造,80年8月23日,三層,一層 二層 三層 陽台 平台 騎樓 電梯樓梯間,全筆移轉
RPRNMLMJOHHGFEP98DA,,189.60,住宅、梯間,鋼筋混凝土造,110年12月14日,三層,一層 二層 三層 陽台 屋頂突出物,全筆移轉
RPPNMLMJOHHGFDP68DA,25,206.37,住家用,鋼筋混凝土造,86年5月31日,四層,一層 二層 三層 四層 見其他登記事項,全筆移轉
RPWOMLQJOHHGFAP07EA,23,192.95,貯藏室、住宅,鋼筋混凝土造,88年10月6日,三層,一層 二層 三層 陽台 地下一層,全筆移轉
RPUNMLLJOHHGFDP09DA,4,152.42,停車空間、住宅、樓梯間,鋼筋混凝土造,107年1月29日,三層,一層 二層 三層 陽台 屋頂突出物,全筆移轉
RPPNMLTLNHHGFDP86DA,26,80.03,住家用,鋼筋混凝土造,85年9月26日,八層,八層 陽台,全筆移轉
RPPNMLTLNHHGFDP86DA,26,15.86,共有部份,鋼筋混凝土造,85年9月26日,八層,,持分移轉
RPPNMLTLNHHGFDP86DA,26,11.04,共有部份,鋼筋混凝土造,85年9月26日,八層,,持分移轉
RPPNMLTLNHHGFDP86DA,26,1.46,共有部份,鋼筋混凝土造,85年9月26日,八層,,持分移轉
RPRNMLSJOHHGFAP56DA,42,124.81,住商用,加強磚造,68年11月16日,二層,一層 二層 騎樓,全筆移轉
RPPNMLMJOHHGFAP38DA,63,54.60,住家用,竹木造,48年7月1日,一層,一層,全筆移轉
RPPNMLNKLHHGFDP58DA,15,9.12,防空避難室、停車空間、管理委員會使用空間、門廳、門廊、車道、樓梯間、機械室、水箱,鋼筋混凝土造,96年2月5日,十三層,,持分移轉
RPPNMLNKLHHGFDP58DA,15,21.93,集合住宅,鋼筋混凝土造,96年2月5日,十三層,五層 陽台,全筆移轉
RPPNMLNKLHHGFDP58DA,15,1.48,走廊,鋼筋混凝土造,96年2月5日,十三層,,持分移轉
RPTNMLRKLHHGFBP66EA,30,31.19,住家用,鋼筋混凝土造,81年7月17日,七層,五層,全筆移轉
RPTNMLRKLHHGFBP66EA,30,7.23,共有部份,鋼筋混凝土造,81年7月17日,七層,,持分移轉
RPTNMLRKLHHGFBP66EA,30,2.06,共有部份,鋼筋混凝土造,81年7月17日,七層,,持分移轉
RPPNMLQKLHHGFBP68DA,,109.14,住商用,加強磚造,,三層,一層 二層 三層 騎樓 電梯樓梯間,持分移轉
RPXNMLLKLHHGFBP98DA,23,62.29,住家用,鋼筋混凝土造,88年4月12日,十二層,九層 陽台,全筆移轉
RPXNMLLKLHHGFBP98DA,23,15.54,共有部份,鋼筋混凝土造,88年4月12日,十二層,,持分移轉
RPXNMLLKLHHGFBP98DA,23,14.97,共有部份,鋼筋混凝土造,88年4月12日,十二層,,持分移轉
RPSNMLQKLHHGFBP98DA,30,31.19,住家用,鋼筋混凝土造,81年7月17日,七層,四層,全筆移轉
RPSNMLQKLHHGFBP98DA,30,7.23,共有部份,鋼筋混凝土造,81年7月17日,七層,,持分移轉
RPSNMLQKLHHGFBP98DA,30,2.06,共有部份,鋼筋混凝土造,81年7月17日,七層,,持分移轉
RPSNMLSKLHHGFAP56EA,32,171.22,住商用,加強磚造,78年11月21日,二層,一層 二層 電梯樓梯間,全筆移轉
RPTNMLRKLHHGFDP76DA,24,209.72,住家用,鋼筋混凝土造,87年8月6日,四層,一層 二層 三層 四層 陽台,全筆移轉
RPRNMLLKLHHGFDP58DA,24,20.87,住家用,鋼筋混凝土造,86年11月6日,八層,四層,全筆移轉
RPRNMLLKLHHGFDP58DA,24,13.88,共有部份,鋼筋混凝土造,86年11月6日,八層,,持分移轉
RPRNMLLKLHHGFDP58DA,24,1.48,共有部份,鋼筋混凝土造,86年11月6日,八層,,持分移轉
RPRNMLLKLHHGFDP58DA,24,1.17,共有部份,鋼筋混凝土造,86年11月6日,八層,,持分移轉
RPRNMLLKLHHGFDP58DA,24,.14,共有部份,鋼筋混凝土造,86年11月6日,八層,,持分移轉
RPRNMLLKLHHGFDP58DA,24,2.95,共有部份,鋼筋混凝土造,86年11月6日,八層,,持分移轉
RPQNMLNLLHHGFBP58DA,42,64.39,住家用,加強磚造,69年5月19日,二層,一層 二層,持分移轉
RPXOMLQKLHHGFAP86DA,1,75.60,集合住宅,鋼筋混凝土造,110年6月10日,七層,六層 陽台,全筆移轉
RPXOMLQKLHHGFAP86DA,1,60.52,停車空間、管理委員會空間、樓梯間、走廊、車道、機械式、水箱,鋼筋混凝土造,110年6月10日,七層,,持分移轉
RPRPMLQKLHHGFAP98DA,1,41.86,集合住宅,鋼筋混凝土造,110年6月10日,七層,七層 陽台,全筆移轉
RPRPMLQKLHHGFAP98DA,1,20.15,停車空間、管理委員會空間、樓梯間、走廊、車道、機械式、水箱,鋼筋混凝土造,110年6月10日,七層,,持分移轉
RPPPMLQKLHHGFAP78DA,1,38.02,集合住宅,鋼筋混凝土造,110年6月10日,七層,六層 陽台,全筆移轉
RPQPMLQKLHHGFAP88DA,1,77.51,集合住宅,鋼筋混凝土造,110年6月10日,七層,七層 陽台,全筆移轉
RPPPMLQKLHHGFAP78DA,1,18.17,停車空間、管理委員會空間、樓梯間、走廊、車道、機械式、水箱,鋼筋混凝土造,110年6月10日,七層,,持分移轉
RPQPMLQKLHHGFAP88DA,1,36.67,停車空間、管理委員會空間、樓梯間、走廊、車道、機械式、水箱,鋼筋混凝土造,110年6月10日,七層,,持分移轉
RPTNMLNLLHHGFFP76EA,23,159.94,住商用,鋼筋混凝土造,87年11月30日,四層,一層 二層 三層 四層 陽台,全筆移轉
RPTNMLNLLHHGFFP76EA,23,167.85,住商用,鋼筋混凝土造,87年11月30日,四層,一層 二層 三層 四層 陽台,全筆移轉
RPSNMLOLLHHGFBP98EA,9,163.21,保險公司等分支機構、樓梯間,鋼筋混凝土造,101年12月24日,三層,一層 二層 三層 陽台 電梯樓梯間,全筆移轉
RPXNMLNLLHHGFBP66DA,2,.13,共有部份,鋼筋混凝土造,109年4月15日,一層,,持分移轉
RPXNMLNLLHHGFBP66DA,2,123.51,住家用,鋼筋混凝土造,109年4月15日,三層,一層 二層 三層 陽台,全筆移轉
RPPNMLKKLHHGFDP28DA,14,218.64,住家用,鋼筋混凝土造,97年4月25日,三層,一層 二層 三層 電梯樓梯間 見其他登記事項,全筆移轉
RPTOMLPLLHHGFAP56EA,28,159.75,住家用,鋼筋混凝土造,83年6月15日,三層,一層 二層 三層 陽台,全筆移轉
RPPNMLTLLHHGFFP86DA,35,121.60,騎樓、店舖、住宅,加強磚造,76年2月22日,二層,騎樓 見其他登記事項,全筆移轉
RPWOMLPLLHHGFAP86EA,41,117.81,住商用,加強磚造,70年8月30日,二層,一層 二層 騎樓 電梯樓梯間,全筆移轉
RPQNMLTLLHHGFBP66EA,29,87.89,住家用,鋼筋混凝土造,82年5月30日,六層,三層 陽台,全筆移轉
RPQNMLTLLHHGFBP66EA,29,12.45,共有部份,鋼筋混凝土造,82年5月30日,六層,,持分移轉
RPQNMLTLLHHGFBP66EA,29,11.22,共有部份,鋼筋混凝土造,82年5月30日,六層,,持分移轉
RPQNMLSLLHHGFBP09DA,29,182.14,住家用,鋼筋混凝土造,81年12月2日,三層,一層 二層 三層 陽台 電梯樓梯間,全筆移轉
RPPOMLOLLHHGFBP68DA,27,27.76,住家用,鋼筋混凝土造,84年7月10日,十三層,四層 陽台,全筆移轉
RPPOMLOLLHHGFBP68DA,27,8.90,共有部份,鋼筋混凝土造,84年7月10日,十三層,,持分移轉
RPPNMLRLLHHGFBP88DA,22,82.78,住家用,加強磚造,89年5月2日,一層,一層,全筆移轉
RPSNMLOLLHHGFAP78DA,28,65.20,廠房、辦公室,鋼筋混凝土造,83年1月18日,三層,一層 二層 三層 騎樓 電梯樓梯間,持分移轉
RPQNMLRLLHHGFAP88DA,23,28.09,住家用,鋼筋混凝土造,87年10月30日,十層,五層,全筆移轉
RPQNMLRLLHHGFAP88DA,23,28.76,住家用,鋼筋混凝土造,87年10月30日,十層,五層 陽台,全筆移轉
RPQNMLRLLHHGFAP88DA,23,13.11,共有部份,鋼筋混凝土造,87年10月30日,十層,,持分移轉
RPQNMLRLLHHGFAP88DA,23,12.34,共有部份,鋼筋混凝土造,87年10月30日,十層,,持分移轉
RPQNMLRLLHHGFAP88DA,23,8.28,共有部份,鋼筋混凝土造,87年10月30日,十層,,持分移轉
RPQNMLRLLHHGFAP88DA,23,7.69,共有部份,鋼筋混凝土造,87年10月30日,十層,,持分移轉
RPPNMLTLLHHGFAP98DA,40,119.10,門廊、住宅、店舖、突出物,ＲＣ構架磚造,70年12月31日,二層,一層 二層 屋頂突出物 騎樓,全筆移轉
RPQNMLLLLHHGFAP28DA,9,178.72,住家用,鋼筋混凝土造,101年9月15日,三層,一層 二層 三層 陽台,全筆移轉
RPPOMLTLLHHGFEP86DA,37,152.81,住家用,加強磚造,74年4月30日,二層,一層 二層 陽台 騎樓 電梯樓梯間,全筆移轉
RPQNMLMLLHHGFFP88DA,36,155.70,住家用,加強磚造,75年4月30日,二層,一層 二層 陽台,全筆移轉
RPUNMLTLLHHGFAP96EA,25,106.21,住家用,鋼筋混凝土造,86年5月15日,十六層,五層 陽台 花台,全筆移轉
RPUNMLTLLHHGFAP96EA,25,34.26,共有部份,鋼筋混凝土造,86年5月15日,十六層,,持分移轉
RPUNMLTLLHHGFAP96EA,25,18.60,共有部份,鋼筋混凝土造,86年5月15日,十六層,,持分移轉
RPUNMLKMLHHGFAP78EA,6,174.48,住宅、門廊,鋼筋混凝土造,105年5月23日,四層,一層 二層 三層 四層 陽台 見其他登記事項,全筆移轉
RPOPMLQKLHHGFAP68DA,1,38.36,集合住宅,鋼筋混凝土造,110年6月10日,七層,六層 陽台,全筆移轉
RPOPMLQKLHHGFAP68DA,1,18.33,停車空間、管理委員會空間、樓梯間、走廊、車道、機械式、水箱,鋼筋混凝土造,110年6月10日,七層,,持分移轉
RPSOMLTLLHHGFAP76DA,1,41.05,集合住宅,鋼筋混凝土造,110年6月10日,七層,一層 陽台,全筆移轉
RPSOMLTLLHHGFAP76DA,1,20.06,停車空間、管理委員會空間、樓梯間、走廊、車道、機械式、水箱,鋼筋混凝土造,110年6月10日,七層,,持分移轉
RPVOMLTLLHHGFAP07DA,1,77.51,集合住宅,鋼筋混凝土造,110年6月10日,七層,七層 陽台,全筆移轉
RPVOMLTLLHHGFAP07DA,1,36.67,停車空間、管理委員會空間、樓梯間、走廊、車道、機械式、水箱,鋼筋混凝土造,110年6月10日,七層,,持分移轉
RPQNMLTLLHHGFFP96DA,1,175.47,住宅,ＲＣ造,110年6月30日,三層,陽台 見其他登記事項,全筆移轉
RPPNMLQLLHHGFFP56DA,10,201.02,住宅、樓梯間,鋼筋混凝土造,100年9月22日,二層,一層 二層 陽台 見其他登記事項,全筆移轉
RPSNMLLMLHHGFDP98EA,42,93.72,住家用,加強磚造,69年1月16日,二層,一層 二層,全筆移轉
RPPNMLLMLHHGFCP48DA,2,230.75,住家用,ＲＣ加強磚造,109年2月12日,三層,一層 二層 三層 陽台,全筆移轉
RPTNMLKMLHHGFAP58DA,6,208.78,住宅、樓梯間,鋼筋混凝土造,105年7月7日,三層,一層 二層 三層 陽台 屋頂突出物,全筆移轉
RPTNMLNLLHHGFAP78DA,23,38.55,住家用,鋼筋混凝土造,88年2月2日,十層,三層 陽台,全筆移轉
RPTNMLNLLHHGFAP78DA,23,2.81,共有部份,鋼筋混凝土造,88年2月2日,十層,,持分移轉
RPTNMLNLLHHGFAP78DA,23,8.66,共有部份,鋼筋混凝土造,88年2月2日,十層,,持分移轉
RPTNMLNLLHHGFAP78DA,23,6.96,共有部份,鋼筋混凝土造,88年2月2日,十層,,持分移轉
RPTNMLLMLHHGFBP78DA,41,121.64,住家用,加強磚造,70年6月29日,二層,一層 二層 電梯樓梯間,全筆移轉
RPQOMLTLLHHGFDP86DA,,158.95,住家用,鋼筋混凝土造,110年9月24日,三層,一層 二層 三層 陽台,全筆移轉
RPSNMLPLLHHGFDP56DA,23,114.06,住家用,鋼筋混凝土造,88年7月30日,十四層,六層 陽台,全筆移轉
RPPNMLKMLHHGFDP48DA,28,20.98,住家用,鋼筋混凝土造,83年6月14日,九層,四層 陽台,全筆移轉
RPXNMLTLLHHGFDP47DA,,153.16,住家用,鋼筋混凝土造,110年9月24日,三層,一層 二層 三層 陽台,全筆移轉
RPSNMLPLLHHGFDP56DA,23,29.05,共有部份,鋼筋混凝土造,88年7月30日,十四層,,持分移轉
RPPNMLKMLHHGFDP48DA,28,8.10,共有部份,鋼筋混凝土造,83年6月14日,九層,,持分移轉
RPSNMLPLLHHGFDP56DA,23,2.14,住家用,鋼筋混凝土造,88年7月30日,十四層,,持分移轉
RPSNMLPLLHHGFDP56DA,23,19.26,樓，電梯間（共同使用）,鋼筋混凝土造,88年7月30日,十四層,,持分移轉
RPPNMLOLLHHGFDP78DA,16,49.16,住家用,鋼筋混凝土造,95年8月3日,五層,五層 陽台,全筆移轉
RPPNMLOLLHHGFDP78DA,16,20.89,設備空間、梯廳、停車空間,鋼筋混凝土造,95年8月3日,五層,,持分移轉
RPPNMLOLLHHGFDP78DA,16,16.12,梯廳、走廊、梯間、水箱,鋼筋混凝土造,95年8月3日,五層,,持分移轉
RPPNMLSLLHHGFDP56DA,29,94.86,住家用,鋼筋混凝土造,82年4月7日,九層,八層 陽台,全筆移轉
RPPNMLSLLHHGFDP56DA,29,13.77,防空避難室兼停車場,鋼筋混凝土造,82年4月7日,九層,,持分移轉
RPPNMLSLLHHGFDP56DA,29,16.29,走道，車道，梯間突出物,鋼筋混凝土造,82年4月7日,九層,,持分移轉
RPPNMLQJMHHGFFP09DA,40,111.20,住宅,加強磚造,71年6月15日,二層,一層 二層 騎樓,全筆移轉
RPPNMLLMLHHGFFP78DA,33,179.61,住家用,加強磚造,77年10月17日,二層,一層 二層 陽台 電梯樓梯間,全筆移轉
RPTNMLLJMHHGFCP68DA,42,118.95,住商用,加強磚造,69年4月25日,二層,一層 二層 騎樓,全筆移轉
RPPNMLTLLHHGFEP76DA,,161.68,工廠,鋼骨造,110年9月4日,一層,一層,全筆移轉
SPPNMLTLLHHGFEP86DA,,161.68,工廠,鋼骨造,110年9月4日,一層,一層,全筆移轉
RPPOMLPKLHHGFEP98DA,27,117.35,住家用,鋼筋混凝土造,84年5月26日,十五層,九層 陽台,全筆移轉
RPPOMLPKLHHGFEP98DA,27,2.75,共有部份,鋼筋混凝土造,84年5月26日,,,持分移轉
RPPOMLPKLHHGFEP98DA,27,15.20,共有部份,鋼筋混凝土造,84年5月26日,,,持分移轉
RPPOMLPKLHHGFEP98DA,27,2.08,共有部份,鋼筋混凝土造,84年5月26日,,,持分移轉
RPQNMLLJMHHGFDP48DA,46,104.64,住家用,加強磚造,65年6月10日,二層,一層 二層,全筆移轉
RPQNMLLJMHHGFCP38DA,,243.35,住宅、水箱,鋼筋混凝土造,110年11月1日,四層,一層 二層 三層 四層 陽台 見其他登記事項,全筆移轉
RPRNMLOLLHHGFBP78DA,25,216.96,住商用,鋼筋混凝土造,86年1月10日,四層,一層 二層 三層 四層 陽台 騎樓,全筆移轉
RPRNMLRJMHHGFDP56DA,28,21.04,住家用,鋼筋混凝土造,83年6月14日,九層,二層 陽台,全筆移轉
RPRNMLRJMHHGFDP56DA,28,8.10,共有部份,鋼筋混凝土造,83年6月14日,九層,,持分移轉
RPPNMLOJMHHGFAP38DA,12,9.79,辦公室,鋼筋混凝土造,99年2月23日,七層,四層 雨遮,全筆移轉
RPPNMLOJMHHGFAP38DA,12,.90,台電配電室、停車空間、水箱、緊急發電機及消幫浦室〈共有部份〉,鋼筋混凝土造,99年2月23日,七層,,持分移轉
RPPNMLOJMHHGFAP38DA,12,4.86,公設梯廳、走道、機械室、水箱、樓梯間、電信室、停車空間（共有部份）,鋼筋混凝土造,99年2月23日,七層,,持分移轉
RPQPMLKMLHHGFAP48DA,27,90.03,住家用,鋼筋混凝土造,83年12月20日,十一層,六層 陽台,全筆移轉
RPQPMLKMLHHGFAP48DA,27,23.93,共有部份,鋼筋混凝土造,83年12月20日,十一層,,持分移轉
RPVNMLSKLHHGFAP76DA,43,105.84,住家用,加強磚造,68年8月20日,二層,一層 二層 騎樓,全筆移轉
RPPNMLLJMHHGFAP08DA,12,9.79,辦公室,鋼筋混凝土造,99年2月23日,七層,四層 雨遮,全筆移轉
RPPNMLLJMHHGFAP08DA,12,.90,台電配電室、停車空間、水箱、緊急發電機及消幫浦室〈共有部份〉,鋼筋混凝土造,99年2月23日,七層,,持分移轉
RPPNMLLJMHHGFAP08DA,12,4.86,公設梯廳、走道、機械室、水箱、樓梯間、電信室、停車空間（共有部份）,鋼筋混凝土造,99年2月23日,七層,,持分移轉
RPPOMLRJMHHGFAP78DA,38,98.41,住商用,加強磚造,73年2月16日,二層,一層 二層 騎樓 電梯樓梯間,全筆移轉
RPQNMLRJMHHGFBP88DA,26,110.40,住家用,鋼筋混凝土造,85年4月28日,三層,一層 二層 三層 陽台,全筆移轉
RPVNMLLJMHHGFDP98DA,46,94.20,住家用,加強磚造,65年5月20日,二層,一層 二層,全筆移轉
RPWNMLRJMHHGFEP17DA,1,192.70,工廠,鋼骨造,110年9月4日,一層,一層,全筆移轉
RPXNMLQJMHHGFAP86EA,12,9.79,辦公室,鋼筋混凝土造,99年2月23日,七層,五層 雨遮,全筆移轉
RPXNMLTLLHHGFEP57DA,23,113.52,住家用,鋼筋混凝土造,88年6月3日,十層,三層 陽台,全筆移轉
RPSNMLLJMHHGFAP48EA,27,176.08,住家用,鋼筋混凝土造,84年3月22日,四層,一層 二層 三層 四層 陽台,全筆移轉
RPXNMLQJMHHGFAP86EA,12,3.85,台電配電室、停車空間、水箱、緊急發電機及消幫浦室〈共有部份〉,鋼筋混凝土造,99年2月23日,七層,,持分移轉
RPXNMLTLLHHGFEP57DA,23,.32,管理室,鋼筋混凝土造,88年6月3日,一層,,持分移轉
RPXNMLTLLHHGFEP57DA,23,57.07,Ｂ１停車場，Ｂ２防空避難，甲、乙棟一樓騎樓,鋼筋混凝土造,88年6月3日,10,,持分移轉
RPXNMLQJMHHGFAP86EA,12,5.76,公設梯廳、走道、機械室、水箱、樓梯間、電信室、停車空間（共有部份）,鋼筋混凝土造,99年2月23日,七層,,持分移轉
RPXNMLTLLHHGFEP57DA,23,18.28,丙棟梯間、屋頂突出物、機械房、水箱,,88年6月3日,十層,,持分移轉
RPRNMLRJMHHGFAP98EA,29,234.61,住家用,鋼筋混凝土造,82年3月3日,三層,一層 二層 三層 陽台 電梯樓梯間,全筆移轉
RPOOMLQJMHHGFAP68EA,12,9.79,辦公室,鋼筋混凝土造,99年2月23日,七層,五層 陽台 雨遮,全筆移轉
RPOOMLQJMHHGFAP68EA,12,3.85,台電配電室、停車空間、水箱、緊急發電機及消幫浦室〈共有部份〉,鋼筋混凝土造,99年2月23日,七層,,持分移轉
RPOOMLQJMHHGFAP68EA,12,4.84,公設梯廳、走道、機械室、水箱、樓梯間、電信室、停車空間（共有部份）,鋼筋混凝土造,99年2月23日,七層,,持分移轉
RPSNMLRJMHHGFAP09EA,29,93.98,住家用,鋼筋混凝土造,81年10月11日,七層,四層 陽台,全筆移轉
RPSNMLRJMHHGFAP09EA,29,34.13,共有部份,鋼筋混凝土造,81年10月11日,七層,,持分移轉
RPRNMLLKMHHGFDP68DA,15,11.81,防空避難室、停車空間、管理委員會使用空間、門廳、門廊、車道、樓梯間、機械室、水箱,鋼筋混凝土造,96年2月5日,十三層,,持分移轉
RPRNMLLKMHHGFDP68DA,15,26.48,集合住宅,鋼筋混凝土造,96年2月5日,十三層,四層 陽台,全筆移轉
RPRNMLLKMHHGFDP68DA,15,3.73,走廊,鋼筋混凝土造,96年2月5日,十三層,,持分移轉
RPVNMLLKMHHGFDP09DA,49,74.40,住家用,加強磚造,62年7月31日,二層,一層 二層,全筆移轉
RPSNMLLJMHHGFDP68DA,41,108.76,住家用,加強磚造,70年7月16日,二層,一層 二層 陽台 騎樓,全筆移轉
RPSNMLSJMHHGFAP56EA,15,231.45,住家用,鋼筋混凝土造,96年2月1日,三層,一層 二層 三層 陽台 電梯樓梯間,全筆移轉
RPUNMLRJMHHGFAP66EA,25,21.53,住家用,鋼筋混凝土造,86年5月15日,十六層,五層 花台,全筆移轉
RPVNMLRJMHHGFAP76EA,25,28.02,住家用,鋼筋混凝土造,86年5月15日,十六層,九層 花台,全筆移轉
RPVNMLRJMHHGFAP76EA,25,4.42,共有部份,鋼筋混凝土造,86年5月15日,十六層,,持分移轉
RPVNMLRJMHHGFAP76EA,25,9.21,共有部份,鋼筋混凝土造,86年5月15日,十六層,,持分移轉
RPUNMLRJMHHGFAP66EA,25,3.41,共有部份,鋼筋混凝土造,86年5月15日,十六層,,持分移轉
RPWNMLQKLHHGFDP96DA,27,19.72,商業用,鋼筋混凝土造,83年11月11日,九層,一層 騎樓,持分移轉
RPUNMLRJMHHGFAP66EA,25,7.44,共有部份,鋼筋混凝土造,86年5月15日,十六層,,持分移轉
RPWNMLQKLHHGFDP96DA,27,27.78,商業用,鋼筋混凝土造,83年11月11日,九層,二層,持分移轉
RPWNMLQKLHHGFDP96DA,27,27.78,商業用,鋼筋混凝土造,83年11月11日,九層,三層,持分移轉
RPWNMLQKLHHGFDP96DA,27,27.78,商業用,鋼筋混凝土造,83年11月11日,九層,四層,持分移轉
RPWNMLQKLHHGFDP96DA,27,27.78,住家用,鋼筋混凝土造,83年11月11日,九層,五層,持分移轉
RPWNMLQKLHHGFDP96DA,27,27.78,住家用,鋼筋混凝土造,83年11月11日,九層,六層,持分移轉
RPWNMLQKLHHGFDP96DA,27,27.78,住家用,鋼筋混凝土造,83年11月11日,九層,七層,持分移轉
RPWNMLQKLHHGFDP96DA,27,27.78,住家用,鋼筋混凝土造,83年11月11日,九層,八層,持分移轉
RPWNMLQKLHHGFDP96DA,27,27.78,住家用,鋼筋混凝土造,83年11月11日,九層,九層,持分移轉
RPWNMLQKLHHGFDP96DA,27,813.24,共有部份,鋼筋混凝土造,83年11月11日,九層,,全筆移轉
RPVNMLMKMHHGFAP98EA,42,123.56,住商用,加強磚造,69年3月1日,二層,一層 二層 騎樓 電梯樓梯間,全筆移轉
RPXNMLRJMHHGFAP86DA,54,46.23,住家用,木竹造,57年1月1日,一層,一層 騎樓,全筆移轉
RPPPMLLKLHHGFAP28DA,7,200.89,住宅、停車空間,鋼筋混凝土造,104年4月20日,四層,一層 二層 三層 四層 陽台 見其他登記事項,全筆移轉
RPWOMLOLLHHGFAP66DA,27,97.94,住家用,鋼筋混凝土造,83年11月20日,十四層,九層 陽台 花台,全筆移轉
RPWOMLOLLHHGFAP66DA,27,11.66,共有部份,鋼筋混凝土造,83年11月20日,十四層,,持分移轉
RPWOMLOLLHHGFAP66DA,27,35.93,共有部份,鋼筋混凝土造,83年11月20日,十四層,,持分移轉
RPUNMLNLLHHGFDP56DA,28,161.54,住家用,鋼筋混凝土造,83年8月23日,三層,一層 二層 三層 陽台,全筆移轉
RPPNMLSLLHHGFBP98DA,27,102.63,住家用,鋼筋混凝土造,84年1月5日,十層,十層 陽台,全筆移轉
RPPNMLSLLHHGFBP98DA,27,15.92,共有部份,鋼筋混凝土造,84年1月5日,十層,,持分移轉
RPRNMLLKMHHGFAP38DA,1,77.51,集合住宅,鋼筋混凝土造,110年6月10日,七層,六層 陽台,全筆移轉
RPRNMLLKMHHGFAP38DA,1,36.67,停車空間、管理委員會空間、樓梯間、走廊、車道、機械式、水箱,鋼筋混凝土造,110年6月10日,七層,,持分移轉
RPWNMLPKLHHGFEP96DA,21,177.44,農舍,木造,90年2月14日,一層,一層,全筆移轉
RPWNMLPKLHHGFEP96DA,15,1084.12,羊舍、倉儲設施、堆肥舍（新建）、羊舍（增建）,水泥柱、磚、木、鋼鐵造（新建）、鋼鐵、水泥柱、磚造（增建）,95年10月3日,一層,見其他登記事項,全筆移轉
RPUNMLQJMHHGFEP86DA,32,115.70,住家用,鋼筋混凝土造,79年6月30日,四層,四層 陽台,全筆移轉
RPUNMLQJMHHGFEP86DA,32,6.94,共有部份,鋼筋混凝土造,79年6月30日,四層,,持分移轉
RPSNMLNKMHHGFEP09DA,38,154.69,住商用,鋼筋混凝土加強磚造,73年5月3日,二層,一層 二層 陽台 騎樓,全筆移轉
RPSNMLNKMHHGFDP09EA,48,129.79,住家用,加強磚造,63年1月15日,二層,一層 二層 陽台 騎樓,全筆移轉
RPQNMLNKMHHGFCP78EA,1,169.51,住宅、樓梯間,鋼筋混凝土造,109年11月27日,三層,陽台 見其他登記事項,全筆移轉
RPQNMLLMLHHGFEP78DA,,230.78,店鋪、住宅、樓梯間,鋼筋混凝土造,110年10月3日,三層,一層 二層 三層 陽台 屋頂突出物 見其他登記事項,全筆移轉
RPXNMLRJMHHGFEP27DA,1,192.70,工廠,鋼骨造,110年9月4日,一層,一層,全筆移轉
RPRNMLMKMHHGFDP78DA,20,234.01,住商用,鋼筋混凝土造,91年1月9日,四層,一層 二層 三層 四層 水箱 見其他登記事項 見其他登記事項,全筆移轉
RPRNMLMKMHHGFDP78DA,20,18.84,共有部份,鋼筋混凝土造,91年1月9日,四層,,持分移轉
RPTNMLMKMHHGFDP98DA,26,92.30,住家用,鋼筋混凝土造,85年3月9日,十三層,九層 陽台,全筆移轉
RPTNMLMKMHHGFDP98DA,26,10.60,共有部份,鋼筋混凝土造,85年3月9日,十三層,,持分移轉
RPTNMLMKMHHGFDP98DA,26,19.78,共有部份,鋼筋混凝土造,85年3月9日,十三層,,持分移轉
RPPNMLMKMHHGFFP78DA,23,39.14,住家用,鋼筋混凝土造,88年1月6日,七層,三層 陽台,全筆移轉
RPPNMLMKMHHGFFP78DA,23,5.93,停車空間、電梯、樓梯間、台電受電室、機械室,鋼筋混凝土造,88年1月6日,七層,,持分移轉
RPPNMLMKMHHGFFP78DA,23,5.18,電梯、樓梯間、機械房、水箱,鋼筋混凝土造,88年1月6日,七層,,持分移轉
RPXNMLOKMHHGFCP86DA,21,31.93,商業用,鋼骨,90年5月30日,一層,一層,全筆移轉
RPUPMLKMLHHGFAP88DA,43,177.00,住家用,加強磚造、鋼鐵造,68年6月19日,三層,一層 二層 三層,全筆移轉
RPQOMLMKMHHGFAP48DA,42,571.58,商業用,ＲＣ構架磚造,69年4月20日,四層,一層 二層 三層 四層 騎樓 地下層,全筆移轉
RPQNMLNKMHHGFAP48DA,1,38.02,集合住宅,鋼筋混凝土造,110年6月10日,七層,一層 陽台,全筆移轉
RPQNMLNKMHHGFAP48DA,1,18.17,停車空間、管理委員會空間、樓梯間、走廊、車道、機械式、水箱,鋼筋混凝土造,110年6月10日,七層,,持分移轉
RPROMLNLLHHGFAP68DA,40,124.24,住家用,加強磚造,70年12月21日,二層,一層 二層 騎樓 電梯樓梯間,全筆移轉
RPPNMLOKMHHGFAP58EA,25,89.71,店舖、辦公室,鋼筋混凝土造,86年5月15日,十六層,一層 二層 平台 花台,全筆移轉
RPPNMLOKMHHGFAP58EA,25,14.28,共有部份,鋼筋混凝土造,86年5月15日,十六層,,持分移轉
RPPNMLOKMHHGFAP58EA,25,2.37,共有部份,鋼筋混凝土造,86年5月15日,十六層,,持分移轉
RPUNMLOKMHHGFDP66DA,20,11.65,台電受電室、機械室、蓄水池、梯間甲、梯間乙、門廳、通道、甲乙梯、梯廳、水箱,鋼筋混凝土造,91年4月25日,六層,,持分移轉
RPUNMLOKMHHGFDP66DA,20,69.31,辦公室,鋼筋混凝土造,91年4月25日,六層,五層,全筆移轉
RPUNMLOKMHHGFDP66DA,20,3.71,防空避難室兼停車空間,鋼筋混凝土造,91年4月25日,六層,,持分移轉
RPUNMLOKMHHGFDP66DA,20,8.02,走廊、空調室,鋼筋混凝土造,91年4月25日,六層,,持分移轉
RPRNMLOKMHHGFDP98DA,1,112.57,住宅、外廊,鋼筋混凝土造,110年7月19日,三層,一層 二層 三層 陽台,全筆移轉
RPUNMLMLLHHGFEP56DA,,408.15,廠房,鋼鐵造,,一層,一層,全筆移轉
RPPNMLSKMHHGFCP56EA,4,168.99,停車空間、住宅,鋼筋混凝土造,107年7月25日,三層,一層 二層 三層 陽台,全筆移轉
RPUNMLOKMHHGFAP09EA,26,176.15,住家用,鋼筋混凝土造,85年3月18日,三層,一層 二層 三層 陽台 騎樓 電梯樓梯間,全筆移轉
RPTNMLSKMHHGFCP96EA,42,103.82,住商用,加強磚造,69年1月18日,二層,一層 二層 騎樓,全筆移轉
RPUNMLQKLHHGFBP66EA,40,67.13,住家用,加強磚造,70年12月18日,四層,四層,全筆移轉
RPPOMLOKMHHGFAP68EA,26,66.91,住家用,鋼筋混凝土造,84年11月21日,九層,五層 花台,全筆移轉
RPPOMLOKMHHGFAP68EA,26,13.24,共有部份,鋼筋混凝土造,84年11月21日,九層,,持分移轉
RPPOMLOKMHHGFAP68EA,26,7.05,共有部份,鋼筋混凝土造,84年11月21日,九層,,持分移轉
RPWRMLPKMHHGFAP17EA,15,178.25,住家用,鋼筋混凝土造,96年2月8日,三層,一層 二層 三層 陽台 雨遮,全筆移轉
SPPOMLOKMHHGFAP78EA,26,117.60,住家用,鋼筋混凝土造,84年11月21日,九層,九層 陽台 花台,全筆移轉
SPPOMLOKMHHGFAP78EA,26,23.35,共有部份,鋼筋混凝土造,84年11月21日,九層,,持分移轉
SPPOMLOKMHHGFAP78EA,26,12.38,共有部份,鋼筋混凝土造,84年11月21日,九層,,持分移轉
RPXRMLPKMHHGFAP27EA,27,22.07,住家用,鋼筋混凝土造,83年10月6日,九層,八層,全筆移轉
RPXRMLPKMHHGFAP27EA,27,4.86,共有部份,鋼筋混凝土造,83年10月6日,九層,,持分移轉
RPTNMLLKLHHGFDP78DA,28,51.68,共有部份,鋼筋混凝土造,83年4月9日,八層,,持分移轉
RPXRMLPKMHHGFAP27EA,27,4.13,共有部份,鋼筋混凝土造,83年10月6日,九層,,持分移轉
RPTNMLLKLHHGFDP78DA,28,100.84,住家用,鋼筋混凝土造,83年4月9日,八層,七層 陽台,全筆移轉
RPRNMLKMLHHGFDP68DA,41,92.58,住商用,加強磚造,69年12月10日,二層,一層 二層 騎樓,全筆移轉
RPTNMLMKMHHGFAP68DA,23,19.65,住家用,鋼筋混凝土造,87年10月30日,十層,六層 陽台,全筆移轉
RPTNMLMKMHHGFAP68DA,23,8.10,共有部份,鋼筋混凝土造,87年10月30日,十層,,持分移轉
RPTNMLMKMHHGFAP68DA,23,4.88,共有部份,鋼筋混凝土造,87年10月30日,十層,,持分移轉
RPPOMLOKMHHGFAP58DA,30,161.62,住家用,鋼筋混凝土造,81年7月15日,三層,一層 二層 三層 電梯樓梯間,全筆移轉
RPWNMLPKMHHGFCP86DA,3,230.76,住宅、店舖、停車空間,鋼筋混凝土造,107年10月12日,三層,二層 三層 陽台 見其他登記事項,全筆移轉
RPPNMLRKMHHGFAP78DA,30,45.57,住家用,鋼筋混凝土造,81年1月13日,六層,六層 陽台,全筆移轉
RPPNMLRKMHHGFAP78DA,30,6.58,共有部份,鋼筋混凝土造,81年1月13日,六層,,持分移轉
RPPNMLRJMHHGFFP56DA,13,243.07,農業資材室,加強磚造,98年6月22日,一層,一層,全筆移轉
RPUNMLTKMHHGFDP27EA,,208.48,住宅、樓梯間,鋼筋混凝土造,111年1月24日,三層,一層 二層 三層 陽台 見其他登記事項,全筆移轉
RPTOMLPKMHHGFEP86DA,32,115.70,住家用,鋼筋混凝土造,79年6月30日,四層,四層 陽台,全筆移轉
RPTOMLPKMHHGFEP86DA,32,6.94,共有部份,鋼筋混凝土造,79年6月30日,四層,,持分移轉
RPPOMLTKMHHGFAP56EA,36,201.15,防空避難室、人行道、店舖、住宅,鋼筋混凝土造,75年1月20日,四層,一層 二層 三層 四層 騎樓 地下一層,全筆移轉
RPPNMLKLMHHGFBP28DA,,173.19,住家用,鋼筋混凝土造,110年12月8日,三層,一層 二層 三層 陽台,全筆移轉
RPUNMLOKMHHGFBP09DA,38,199.24,住家用,鋼筋混凝土造,73年4月6日,二層,一層 二層 陽台 電梯樓梯間,全筆移轉
RPTNMLKLMHHGFEP98DA,29,104.53,集合住宅,鋼筋混凝土造,81年10月16日,五層,五層 陽台,全筆移轉
RPTNMLKLMHHGFEP98DA,29,.83,共有部份,鋼筋混凝土加強磚造,81年10月16日,,,持分移轉
RPWNMLNKMHHGFEP86DA,,183.95,住家用,鋼筋混凝土造,110年12月20日,三層,一層 二層 三層 陽台,全筆移轉
RPVNMLLLMHHGFDP66EA,46,110.37,住家用,加強磚造,64年12月30日,二層,一層 二層,全筆移轉
RPSNMLMLMHHGFCP88DA,26,91.93,住家用,鋼筋混凝土造,84年12月20日,八層,二層 陽台,全筆移轉
RPSNMLMLMHHGFCP88DA,26,23.12,共有部份,鋼筋混凝土造,84年12月20日,八層,,持分移轉
RPSNMLMLMHHGFCP88DA,26,.72,共有部份,鋼筋混凝土造,84年12月20日,,,持分移轉
RPSNMLMLMHHGFCP88DA,26,10.06,共有部份,鋼筋混凝土造,84年12月20日,,,持分移轉
RPRNMLLLMHHGFCP68DA,2,192.15,停車空間、住宅,ＲＣ加強磚造,109年2月12日,三層,一層 二層 三層 陽台 見其他登記事項,全筆移轉
RPXNMLOKMHHGFAP66DA,2,263.78,住宅、樓梯間,鋼筋混凝土造,108年12月16日,三層,一層 二層 三層 陽台 見其他登記事項,全筆移轉
RPOOMLKLMHHGFAP18DA,43,106.26,住家用,加強磚造,68年1月15日,二層,一層 二層 騎樓 電梯樓梯間,全筆移轉
RPTPMLTKMHHGFAP96DA,40,102.96,住商用,加強磚造,70年12月10日,二層,一層 二層 騎樓,全筆移轉
RPRPMLTKMHHGFAP76DA,8,79.47,住家用,鋼筋混凝土造,103年9月4日,四層,二層 陽台,全筆移轉
RPRPMLTKMHHGFAP76DA,8,16.31,本共有部分之項目有電梯、樓梯、管委會門廊、梯廳、外廊、機房,鋼筋混凝土造,103年9月4日,四層,,持分移轉
RPPNMLPLMHHGFAP68DA,30,204.68,住家用,鋼筋混凝土造,81年5月15日,三層,一層 二層 三層 騎樓 電梯樓梯間,全筆移轉
RPRNMLPLMHHGFBP98DA,1,155.72,住宅、樓梯間,鋼筋混凝土造,110年8月27日,三層,一層 二層 三層 見其他登記事項,全筆移轉
RPQNMLMLMHHGFCP68DA,3,139.10,住宅、停車空間,鋼筋混凝土造,108年5月30日,三層,陽台 見其他登記事項,全筆移轉
RPTNMLMLMHHGFAP88EA,32,103.05,住家用,加強磚造,79年2月20日,二層,一層 二層 騎樓 電梯樓梯間,持分移轉
RPUNMLPKMHHGFCP66DA,5,192.02,騎樓、住宅、樓梯間,鋼筋混凝土造,106年7月2日,三層,一層 二層 三層 屋頂突出物 騎樓,全筆移轉
RPTNMLKLMHHGFAP68EA,27,197.25,住商用,鋼筋混凝土造,83年12月30日,四層,一層 二層 三層 四層 騎樓 見其他登記事項,全筆移轉
RPWNMLMLMHHGFAP56EA,41,118.95,住家用,加強磚造,69年9月20日,二層,一層 二層,全筆移轉
RPRNMLPLMHHGFCP56EA,5,131.47,店舖,鋼骨造有牆,106年1月17日,一層,一層,全筆移轉
RPPNMLOLMHHGFDP88DA,41,107.36,住家用,加強磚造,70年4月10日,二層,一層 二層 騎樓,全筆移轉
RPUNMLQLMHHGFCP86DA,41,126.14,住商用,加強磚造,70年7月22日,二層,一層 二層 騎樓 電梯樓梯間,全筆移轉
RPSNMLTKMHHGFCP86DA,3,124.68,住家用,鋼筋混凝土造,108年7月23日,三層,一層 二層 三層 陽台,全筆移轉
RPSNMLMLMHHGFAP68DA,1,163.44,住家用,鋼筋混凝土造,110年2月17日,三層,一層 二層 三層 陽台,全筆移轉
RPPNMLQLMHHGFAP88EA,22,366.35,住家用,鋼筋混凝土造,88年10月6日,三層,一層 二層 三層 陽台 地下一層,全筆移轉
RPQNMLPLMHHGFEP56DA,40,116.36,住家用,鋼筋混凝土加強磚造,70年11月16日,二層,一層 二層 陽台 電梯樓梯間,全筆移轉
RPQPMLLKLHHGFAP38DA,25,97.49,店舖、辦公室,鋼筋混凝土造,86年5月15日,十六層,一層 二層 平台 花台,全筆移轉
RPQPMLLKLHHGFAP38DA,25,32.88,共有部份,鋼筋混凝土造,86年5月15日,十六層,,持分移轉
RPQPMLLKLHHGFAP38DA,25,2.56,共有部份,鋼筋混凝土造,86年5月15日,十六層,,持分移轉
RPUNMLPLMHHGFDP86DA,17,74.42,住家用,加強磚造,94年6月24日,二層,一層 二層 電梯樓梯間,全筆移轉
RPRNMLRLMHHGFCP76EA,39,157.70,住家用,加強磚造,72年3月15日,二層,一層 二層 騎樓,全筆移轉
RPQNMLRLMHHGFEP86EA,1,192.70,工廠,鋼骨造,110年9月4日,一層,一層,全筆移轉
RPPNMLRLMHHGFFP86EA,2,186.01,住宅、騎樓、樓梯間,ＲＣ造,109年9月3日,三層,一層 二層 三層 陽台 屋頂突出物 騎樓,全筆移轉
RPTNMLQLMHHGFAP66EA,22,109.50,住家用,鋼筋混凝土造,88年9月26日,五層,四層 五層 陽台 屋頂突出物,全筆移轉
RPTNMLQLMHHGFAP66EA,22,21.25,共有部份,鋼筋混凝土造,88年9月26日,五層,,持分移轉
RPPNMLRLMHHGFBP98DA,,219.66,住家用,鋼筋混凝土造,110年12月27日,三層,一層 二層 三層 陽台,全筆移轉
RPROMLPLMHHGFAP98DA,54,44.22,住家用,木石磚造（磚石造）,57年1月1日,一層,一層,全筆移轉
RPUNMLMLLHHGFAP78DA,28,75.76,商業用,鋼筋混凝土造,83年3月25日,七層,一層 騎樓,全筆移轉
RPUNMLMLLHHGFAP78DA,28,12.01,共有部份,鋼筋混凝土造,83年3月25日,七層,,持分移轉
RPUNMLMLLHHGFAP78DA,28,11.57,共有部份,鋼筋混凝土造,83年3月25日,七層,,持分移轉
RPROMLLMLHHGFAP58DA,28,24.98,住家用,鋼筋混凝土造,83年3月30日,七層,六層 陽台,全筆移轉
RPROMLLMLHHGFAP58DA,28,7.03,共有部份,鋼筋混凝土造,83年3月30日,七層,,持分移轉
RPQNMLSLMHHGFDP86EA,,160.32,住家用,鋼筋混凝土造,110年12月20日,三層,一層 二層 三層 陽台,全筆移轉
RPXNMLRLMHHGFDP47EA,16,244.31,住宅、停車空間,鋼筋混凝土造,95年3月8日,四層,一層 二層 三層 四層 陽台 雨遮,全筆移轉
RPSNMLPLMHHGFFP86DA,1,173.28,住宅,ＲＣ造,110年6月30日,三層,陽台 見其他登記事項,全筆移轉
RPUNMLTLMHHGFCP17DA,40,115.96,住商用,ＲＣ構架造,70年9月15日,二層,一層 二層 騎樓,全筆移轉
RPSNMLRLMHHGFCP76DA,25,200.02,住商用,鋼筋混凝土造,86年8月14日,四層,一層 二層 三層 四層 陽台 騎樓,全筆移轉
RPQNMLNJNHHGFBP68EA,45,65.98,住家用,鋼筋混凝土加強磚造,66年5月10日,二層,一層 二層 騎樓 電梯樓梯間,持分移轉
RPRNMLMJNHHGFEP98EA,27,164.56,住家用,鋼筋混凝土造,84年6月6日,四層,一層 二層 三層 四層 陽台 平台,全筆移轉
RPSNMLSLMHHGFDP96DA,47,95.11,住家用,加強磚造,64年4月10日,二層,一層 二層,全筆移轉
RPPNMLTLMHHGFCP66DA,3,146.73,住宅、停車空間,鋼筋混凝土造,108年5月30日,三層,陽台 見其他登記事項,全筆移轉
RPOOMLNKMHHGFEP78DA,,181.28,住家用,鋼筋混凝土造,110年12月20日,三層,一層 二層 三層 陽台,全筆移轉
RPPOMLNKMHHGFEP88DA,,181.28,住家用,鋼筋混凝土造,110年12月20日,三層,一層 二層 三層 陽台,全筆移轉
RPRNMLOJNHHGFDP98DA,28,114.73,住家用,鋼筋混凝土造,83年3月17日,七層,六層 陽台 露台,全筆移轉
RPRNMLOJNHHGFDP98DA,28,8.44,電梯，樓梯，走道，機械室，水箱,鋼筋混凝土造,83年3月17日,七層,,持分移轉
RPRNMLOJNHHGFDP98DA,28,.46,集合住宅,鋼筋混凝土造,83年3月17日,七層,,持分移轉
RPRNMLOJNHHGFDP98DA,28,23.15,緊急避難室，停車間，梯間，走道,鋼筋混凝土造,83年3月17日,七層,,持分移轉
RPUOMLNJNHHGFAP09EA,42,104.99,住商用,加強磚造,69年6月23日,二層,一層 二層 騎樓 電梯樓梯間,全筆移轉
RPPNMLMLMHHGFAP38DA,11,213.07,住宅、水箱間,鋼筋混凝土造,100年5月16日,四層,一層 二層 三層 四層 陽台 雨遮,全筆移轉
RPQOMLNLLHHGFAP58DA,27,17.27,住家用,鋼筋混凝土造,84年9月3日,九層,九層,全筆移轉
RPQOMLNLLHHGFAP58DA,27,4.48,共有部份,鋼筋混凝土造,84年9月3日,九層,,持分移轉
RPQOMLNLLHHGFAP58DA,27,3.96,共有部份,鋼筋混凝土造,84年9月3日,九層,,持分移轉
RPVOMLTKMHHGFAP07DA,25,247.42,住家用,鋼筋混凝土造,85年10月30日,四層,一層 二層 三層 四層 陽台 電梯樓梯間,全筆移轉
RPQNMLQLMHHGFAP88DA,30,118.07,住家用,鋼筋混凝土造,81年4月15日,五層,四層 陽台,全筆移轉
RPQNMLQLMHHGFAP88DA,30,38.21,共有部份,鋼筋混凝土造,81年4月15日,五層,,持分移轉
RPQNMLQLMHHGFAP88DA,30,10.26,共有部份,鋼筋混凝土造,81年4月15日,五層,,持分移轉
RPSNMLTLLHHGFDP96DA,38,287.75,住商用,加強磚造,73年5月20日,三層,一層 二層 三層 陽台 騎樓 電梯樓梯間,持分移轉
RPTNMLQJNHHGFDP76DA,,227.89,停車空間、店舖、住宅、樓梯間,鋼筋混凝土造,111年1月6日,三層,一層 二層 三層 陽台 見其他登記事項,全筆移轉
RPPNMLLLMHHGFEP68DA,1,192.70,工廠,鋼骨造,110年9月4日,一層,一層,全筆移轉
RPRNMLMJNHHGFCP78EA,29,130.60,住家用,加強磚造,82年5月6日,二層,一層 二層 電梯樓梯間,全筆移轉
RPQNMLLLMHHGFEP78DA,1,192.70,工廠,鋼骨造,110年9月4日,一層,一層,全筆移轉
RPUNMLTLMHHGFDP27DA,,152.07,住家用,鋼筋混凝土造,110年11月23日,三層,一層 二層 三層 陽台,全筆移轉
RPSNMLSLMHHGFBP76DA,1,270.57,住家用,鋼筋混凝土造,110年6月26日,四層,一層 二層 三層 四層 陽台,全筆移轉
RPQOMLPJNHHGFDP09DA,27,103.92,住家用,鋼筋混凝土造,84年4月6日,十二層,四層 陽台,全筆移轉
RPQOMLPJNHHGFDP09DA,27,5.27,共有部份,鋼筋混凝土造,84年4月6日,十二層,,持分移轉
RPQOMLPJNHHGFDP09DA,27,12.49,共有部份,鋼筋混凝土造,84年4月6日,十二層,,持分移轉
RPVNMLQJNHHGFAP66DA,,248.07,住宅、停車空間,鋼筋混凝土造,110年10月11日,四層,一層 二層 三層 四層 陽台,全筆移轉
RPUNMLQJNHHGFAP56DA,,248.07,住宅、停車空間,鋼筋混凝土造,110年10月11日,四層,一層 二層 三層 四層 陽台,全筆移轉
RPXNMLQJNHHGFAP86DA,,248.07,住宅、停車空間,鋼筋混凝土造,110年10月11日,四層,一層 二層 三層 四層 陽台,全筆移轉
RPWNMLQJNHHGFAP76DA,,248.07,住宅、停車空間,鋼筋混凝土造,110年10月11日,四層,一層 二層 三層 四層 陽台,全筆移轉
RPPNMLLKNHHGFAP38EA,29,128.40,住家用,鋼筋混凝土造,81年12月28日,三層,一層 二層 三層,全筆移轉
RPTNMLTLMHHGFDP17DA,31,160.15,住家用,鋼筋混凝土造,80年7月20日,二層,一層 二層 陽台 電梯樓梯間,全筆移轉
RPQNMLQJNHHGFDP09DA,20,273.11,店舖住宅，空氣調節室，停車空間,鋼筋混凝土造,91年2月20日,五層,一層 二層 三層 四層 五層 騎樓 水箱 見其他登記事項,全筆移轉
RPQNMLLKNHHGFDP68DA,,160.30,住家用,鋼筋混凝土造,110年11月23日,三層,一層 二層 三層 陽台,全筆移轉
RPOOMLTJNHHGFAP09EA,27,24.55,共有部份,鋼筋混凝土造,83年11月18日,八層,,持分移轉
RPOOMLTJNHHGFAP09EA,27,72.92,住家用,鋼筋混凝土造,83年11月18日,八層,六層 陽台 花台,全筆移轉
RPSNMLLKNHHGFBP68DA,1,155.72,住宅、樓梯間,鋼筋混凝土造,110年8月27日,三層,一層 二層 三層 見其他登記事項,全筆移轉
RPPNMLOJNHHGFAP48DA,29,141.85,住家用,鋼筋混凝土造,82年1月19日,三層,一層 二層 三層 電梯樓梯間,全筆移轉
RPTNMLTJNHHGFAP76DA,10,504.92,住家用,鋼筋混凝土造,101年3月29日,五層,一層 二層 三層 四層 五層 陽台 雨遮,全筆移轉
RPPNMLSKMHHGFAP88DA,1,49.91,集合住宅,鋼筋混凝土造,110年5月20日,五層,二層 陽台,全筆移轉
RPPNMLSKMHHGFAP88DA,1,28.41,梯廳、樓梯間＋電梯預留孔,鋼筋混凝土造,110年5月20日,五層,,持分移轉
RPQNMLLKNHHGFFP88DA,1,175.47,住宅,ＲＣ造,110年6月30日,三層,陽台 見其他登記事項,全筆移轉
RPROMLNKMHHGFEP09DA,,181.28,住家用,鋼筋混凝土造,110年12月20日,三層,一層 二層 三層 陽台,全筆移轉
RPWNMLQKNHHGFDP27EA,,199.94,住宅、樓梯間,鋼筋混凝土造,111年1月24日,三層,一層 二層 三層 陽台 見其他登記事項,全筆移轉
RPUNMLNKNHHGFCP66EA,37,36.14,住家用,ＲＣ構架造,74年9月27日,三層,一層 二層 三層,持分移轉
RPPNMLNKNHHGFAP48DA,6,215.00,門廊、住宅、樓梯間,鋼筋混凝土造,104年12月28日,三層,一層 二層 三層 陽台 見其他登記事項,全筆移轉
RPSOMLPJNHHGFAP98DA,1,180.47,住家用,鋼筋混凝土造,110年6月30日,三層,一層 二層 三層 陽台,全筆移轉
RPQOMLQKNHHGFDP66DA,34,265.30,住商用,加強磚造,76年11月9日,三層,一層 二層 三層 陽台,全筆移轉
RPRNMLQKNHHGFDP66DA,28,131.08,住家用,鋼筋混凝土造,82年12月30日,三層,一層 二層 三層 陽台,全筆移轉
RPRNMLNKNHHGFEP56EA,25,330.75,農舍,鋼架有壁造,86年6月5日,一層,一層,全筆移轉
RPWOMLSKMHHGFAP17EA,23,19.21,共有部份,鋼筋混凝土造,88年2月2日,十層,,持分移轉
RPTPMLKMLHHGFAP78DA,30,118.02,住家用,鋼筋混凝土造,81年4月5日,五層,一層 平台,全筆移轉
RPTPMLKMLHHGFAP78DA,30,37.70,共有部份,鋼筋混凝土造,81年4月5日,五層,,持分移轉
RPTPMLKMLHHGFAP78DA,30,11.36,共有部份,鋼筋混凝土造,81年4月5日,五層,,持分移轉
RPXOMLTJNHHGFAP27DA,,159.57,住宅、樓梯間,鋼筋混凝土造,110年9月24日,四層,一層 二層 三層 四層 陽台,全筆移轉
RPPNMLMLMHHGFDP68DA,8,200.31,住宅、騎樓、樓梯間、停車空間,鋼筋混凝土造,103年9月16日,二層,一層 二層 陽台 騎樓 地下一層,全筆移轉
RPPNMLMLMHHGFDP68DA,8,28.68,機械室、停車空間、車道,鋼筋混凝土造,103年9月16日,二層,,持分移轉
RPWOMLTJNHHGFAP17DA,,164.26,住宅、樓梯間,鋼筋混凝土造,110年9月24日,四層,一層 二層 三層 四層 陽台,全筆移轉
RPTNMLKLNHHGFAP68DA,,255.28,住宅、停車空間,鋼筋混凝土造,110年10月11日,四層,一層 二層 三層 四層 陽台,全筆移轉
RPUNMLPJNHHGFDP76DA,40,116.38,住家用,加強磚造,70年12月2日,二層,一層 二層 陽台,全筆移轉
RPWNMLKLNHHGFAP98DA,,255.16,住宅、停車空間,鋼筋混凝土造,110年10月11日,四層,一層 二層 三層 四層 陽台,全筆移轉
RPUNMLKLNHHGFAP78DA,,258.44,住宅、停車空間,鋼筋混凝土造,110年10月11日,四層,一層 二層 三層 四層 陽台,全筆移轉
RPXNMLKLNHHGFAP09DA,,258.68,住宅、停車空間,鋼筋混凝土造,110年10月11日,四層,一層 二層 三層 四層 陽台,全筆移轉
RPWOMLTKMHHGFAP17DA,47,171.52,住家用,加強磚造,64年6月19日,三層,一層 二層 三層 騎樓 電梯樓梯間,全筆移轉
RPUNMLSKNHHGFDP17DA,,291.42,住家用,鋼筋混凝土造,111年1月10日,四層,一層 二層 三層 四層 陽台,全筆移轉
RPWNMLSKNHHGFDP37DA,,291.43,住家用,鋼筋混凝土造,111年1月10日,四層,一層 二層 三層 四層 陽台,全筆移轉
RPPNMLQJNHHGFBP78DA,29,136.74,住家用,鋼筋混凝土造,82年8月6日,三層,一層 二層 三層 陽台 電梯樓梯間,全筆移轉
RPVNMLSKNHHGFDP27DA,,288.98,住家用,鋼筋混凝土造,111年1月10日,四層,一層 二層 三層 四層 陽台,全筆移轉
RPQNMLPLNHHGFEP66DA,,191.98,住宅、梯間,鋼筋混凝土造,111年2月22日,三層,一層 二層 三層 陽台 屋頂突出物 見其他登記事項,全筆移轉
RPPNMLPLNHHGFEP56DA,,202.72,住宅、梯間,鋼筋混凝土造,111年2月22日,三層,一層 二層 三層 陽台 屋頂突出物 見其他登記事項,全筆移轉
RPXNMLSKNHHGFDP47DA,,291.42,住家用,鋼筋混凝土造,111年1月10日,四層,一層 二層 三層 四層 陽台,全筆移轉
RPPOMLSKNHHGFDP76DA,,291.43,住家用,鋼筋混凝土造,111年1月10日,四層,一層 二層 三層 四層 陽台,全筆移轉
RPOOMLSKNHHGFDP66DA,,288.98,住家用,鋼筋混凝土造,111年1月10日,四層,一層 二層 三層 四層 陽台,全筆移轉
RPROMLSKNHHGFDP96DA,,239.03,住家用,鋼筋混凝土造,111年1月10日,四層,一層 二層 三層 四層 陽台,全筆移轉
RPUNMLLKNHHGFDP09DA,28,127.98,住家用,鋼筋混凝土造,82年12月30日,三層,一層 二層 三層 陽台,全筆移轉
RPQOMLSKNHHGFDP86DA,,242.96,住家用,鋼筋混凝土造,111年1月10日,四層,一層 二層 三層 四層 陽台,全筆移轉
RPTOMLSKNHHGFDP17DA,,243.01,住家用,鋼筋混凝土造,111年1月10日,四層,一層 二層 三層 四層 陽台,全筆移轉
RPTNMLPLNHHGFCP86EA,27,10.90,梯間　機械室　水塔（共同使用）,鋼筋混凝土造,84年3月7日,五層,,持分移轉
RPTNMLPLNHHGFCP86EA,27,155.56,住家用,鋼筋混凝土造,84年3月7日,五層,一層 二層 三層 陽台 騎樓,全筆移轉
RPTNMLPLNHHGFCP86EA,27,5.19,梯間　水塔（共同使用）,鋼筋混凝土造,84年3月7日,五層,,持分移轉
RPSOMLSKNHHGFDP07DA,,239.03,住家用,鋼筋混凝土造,111年1月10日,四層,一層 二層 三層 四層 陽台,全筆移轉
RPUOMLSKNHHGFDP27DA,,242.99,住家用,鋼筋混凝土造,111年1月10日,四層,一層 二層 三層 四層 陽台,全筆移轉
RPVOMLSKNHHGFDP37DA,,239.03,住家用,鋼筋混凝土造,111年1月10日,四層,一層 二層 三層 四層 陽台,全筆移轉
RPPNMLTLNHHGFAP56DA,6,97.17,集合住宅,鋼筋混凝土造,105年6月30日,七層,二層 陽台,全筆移轉
RPPNMLTLNHHGFAP56DA,6,45.78,公共空間、停車空間、門廊、梯間,鋼筋混凝土造,105年6月30日,七層,,持分移轉
RPWOMLSKNHHGFDP47DA,,239.03,住家用,鋼筋混凝土造,111年1月10日,四層,一層 二層 三層 四層 陽台,全筆移轉
RPQNMLKMNHHGFDP78DA,24,89.36,住家用,鋼架有牆,87年7月20日,一層,一層,全筆移轉
RPQNMLSLMHHGFAP09DA,1,256.83,住宅、蓄水池,鋼筋混凝土造,109年9月15日,四層,一層 二層 三層 四層 陽台 屋頂突出物,全筆移轉
RPPOMLLJOHHGFDP68DA,28,3737.31,避難室廠房辦公廳機械室水塔梯間,鋼筋混凝土造,83年6月18日,三層,一層 二層 三層 地下層 見其他登記事項,全筆移轉
RPXOMLSKNHHGFDP57DA,,242.99,住家用,鋼筋混凝土造,111年1月10日,四層,一層 二層 三層 四層 陽台,全筆移轉
SPPOMLLJOHHGFDP78DA,28,3737.31,避難室廠房辦公廳機械室水塔梯間,鋼筋混凝土造,83年6月18日,三層,一層 二層 三層 地下層 見其他登記事項,全筆移轉
RPTNMLOLKHHGFAP78DA,29,187.83,住家用,鋼筋混凝土造,82年5月19日,四層,一層 二層 三層 四層 陽台 平台 電梯樓梯間,全筆移轉
RPTNMLKMLHHGFBP78EA,29,247.70,農舍,鋼筋混凝土造,82年1月5日,二層,一層 二層 電梯樓梯間,全筆移轉
RPTNMLRJLHHGFBP09DA,7,252.52,住宅、樓梯間,鋼筋混凝土造,103年9月6日,三層,一層 二層 三層 陽台 見其他登記事項,全筆移轉
RPPNMLKLKHHGFDP28DA,43,293.80,住商用,加強磚造,67年11月15日,四層,一層 二層 三層 四層 騎樓 電梯樓梯間,全筆移轉
RPRNMLTJLHHGFAP09EA,2,100.38,集合住宅,鋼筋混凝土造,108年10月18日,五層,三層 陽台,全筆移轉
RPRNMLTJLHHGFAP09EA,2,50.99,機械室、停車空間、樓梯間,鋼筋混凝土造,108年10月18日,五層,,持分移轉
RPQNMLLKLHHGFCP48EA,29,185.02,住家用,鋼筋混凝土造,82年1月29日,四層,一層 二層 三層 四層,全筆移轉
RPSNMLTJLHHGFEP96EA,24,203.65,住商用,鋼筋混凝土造,87年8月1日,三層,一層 二層 三層 陽台 電梯樓梯間,全筆移轉
RPXNMLTJLHHGFDP37EA,47,207.36,住商用,加強磚造,64年6月12日,二層,一層 二層 騎樓,全筆移轉
RPQNMLKKLHHGFAP18EA,28,181.80,住家用,鋼筋混凝土造,83年6月6日,三層,一層 二層 三層 陽台 平台 電梯樓梯間 夾層,全筆移轉
RPTNMLRJLHHGFEP76DA,27,36.67,防空避難Ｂ室、停車場,鋼筋混凝土造,84年5月26日,地下二層,地下二層,持分移轉
RPTNMLRJLHHGFEP76DA,27,.00,共有部份,鋼筋混凝土造,84年5月26日,,,持分移轉
RPQNMLSJLHHGFAP78DA,42,142.60,住家用,加強磚造、鋼鐵造,69年7月15日,三層,一層 二層 騎樓,全筆移轉
RPSOMLKKLHHGFDP68DA,34,265.30,住家用,加強磚造,76年12月11日,三層,一層 二層 三層 陽台,全筆移轉
RPPNMLLKLHHGFFP58DA,22,81.93,商業用,鋼筋混凝土造,89年4月13日,五層,一層 陽台,全筆移轉
RPPNMLLKLHHGFFP58DA,22,24.71,共有部份,鋼筋混凝土造,89年4月13日,五層,,持分移轉
RPQNMLLKLHHGFFP68DA,22,26.52,住家用,鋼筋混凝土造,89年4月13日,五層,二層,全筆移轉
RPQNMLLKLHHGFFP68DA,22,22.57,住家用,鋼筋混凝土造,89年4月13日,五層,二層,全筆移轉
RPQNMLLKLHHGFFP68DA,22,27.22,住家用,鋼筋混凝土造,89年4月13日,五層,二層 陽台,全筆移轉
RPQNMLLKLHHGFFP68DA,22,23.28,住家用,鋼筋混凝土造,89年4月13日,五層,二層 陽台,全筆移轉
RPQNMLLKLHHGFFP68DA,22,5.62,共有部份,鋼筋混凝土造,89年4月13日,五層,,持分移轉
RPQNMLLKLHHGFFP68DA,22,5.62,共有部份,鋼筋混凝土造,89年4月13日,五層,,持分移轉
RPQNMLLKLHHGFFP68DA,22,5.62,共有部份,鋼筋混凝土造,89年4月13日,五層,,持分移轉
RPQNMLLKLHHGFFP68DA,22,5.62,共有部份,鋼筋混凝土造,89年4月13日,五層,,持分移轉
RPUNMLKKLHHGFEP88DA,,192.70,工廠,鋼骨造,110年9月4日,一層,一層,全筆移轉
RPWNMLPKLHHGFDP86DA,,198.39,住宅、停車空間,鋼筋混凝土造,111年1月6日,四層,一層 二層 三層 四層 陽台,全筆移轉
RPUNMLNLKHHGFAP78DA,28,80.62,住家用,鋼筋混凝土造,83年2月15日,七層,七層 陽台,全筆移轉
RPUNMLNLKHHGFAP78DA,28,31.66,共有部份,鋼筋混凝土造,83年2月15日,七層,,持分移轉
RPSNMLOKLHHGFAP68DA,29,247.80,住家用,加強磚造,82年1月30日,二層,一層 二層 騎樓 電梯樓梯間,全筆移轉
RPQNMLOKLHHGFAP48DA,23,23.83,住家用,鋼筋混凝土造,88年2月2日,十層,七層 陽台,全筆移轉
RPQNMLOKLHHGFAP48DA,23,1.53,共有部份,鋼筋混凝土造,88年2月2日,十層,,持分移轉
RPQNMLOKLHHGFAP48DA,23,4.73,共有部份,鋼筋混凝土造,88年2月2日,十層,,持分移轉
RPQNMLOKLHHGFAP48DA,23,3.84,共有部份,鋼筋混凝土造,88年2月2日,十層,,持分移轉
RPXNMLOKLHHGFCP76DA,1,122.58,停車空間、住宅,鋼筋混凝土造,110年1月28日,三層,陽台 見其他登記事項,全筆移轉
RPTNMLOKLHHGFAP88EA,30,113.03,住家用,加強磚造,81年2月27日,二層,一層 二層 騎樓 電梯樓梯間,全筆移轉
RPVNMLOKLHHGFEP86EA,26,88.67,住家用,鋼筋混凝土造,84年8月29日,十二層,七層 陽台,全筆移轉
RPVNMLOKLHHGFEP86EA,26,11.92,共有部份,鋼筋混凝土造,84年8月29日,十二層,,持分移轉
RPVNMLOKLHHGFEP86EA,26,.07,共有部份,鋼筋混凝土造,84年8月29日,十二層,,持分移轉
RPVNMLOKLHHGFEP86EA,26,.47,管理室及消防機房,鋼筋混凝土造,84年8月29日,十二層,地下層,持分移轉
RPVNMLOKLHHGFEP86EA,26,12.73,共有部份,鋼筋混凝土造,84年8月29日,十二層,,持分移轉
RPQNMLRKLHHGFCP09EA,7,206.39,騎樓、住宅,鋼筋混凝土造,103年8月28日,四層,一層 二層 三層 四層 陽台 騎樓,全筆移轉
RPVNMLOKLHHGFEP86EA,26,.08,共有部份,鋼筋混凝土造,84年8月29日,十二層,,持分移轉
RPQNMLQKLHHGFCP98EA,7,169.32,住家用,鋼筋混凝土造,103年12月27日,三層,一層 二層 三層,全筆移轉
RPPNMLTJLHHGFEP56DA,,236.55,住家用,鋼筋混凝土造,110年10月13日,三層,一層 二層 三層 陽台,全筆移轉
RPQNMLTJLHHGFEP66DA,,181.65,住家用,鋼筋混凝土造,110年10月13日,三層,一層 二層 三層 陽台,全筆移轉
RPRNMLTJLHHGFEP76DA,,201.54,住家用,鋼筋混凝土造,110年10月13日,三層,一層 二層 三層 陽台,全筆移轉
RPTNMLPKLHHGFAP88DA,1,153.15,住家用,鋼筋混凝土造,109年12月7日,三層,一層 二層 三層 陽台,全筆移轉
RPRNMLRKLHHGFCP09DA,42,171.00,住家用,加強磚造,69年2月26日,三層,見其他登記事項,全筆移轉
RPVNMLQKLHHGFAP56DA,25,28.10,住家用,鋼筋混凝土造,86年5月15日,十六層,十層 花台,全筆移轉
RPVNMLQKLHHGFAP56DA,25,4.42,共有部份,鋼筋混凝土造,86年5月15日,十六層,,持分移轉
RPVNMLQKLHHGFAP56DA,25,9.24,共有部份,鋼筋混凝土造,86年5月15日,十六層,,持分移轉
RPQNMLRKLHHGFAP78DA,42,102.20,住家用,加強磚造,68年12月31日,二層,一層 二層,全筆移轉
RPSNMLRKLHHGFDP66DA,26,91.93,住家用,鋼筋混凝土造,85年3月9日,十三層,四層 陽台,全筆移轉
RPSNMLRKLHHGFDP66DA,26,10.55,共有部份,鋼筋混凝土造,85年3月9日,十三層,,持分移轉
RPSNMLRKLHHGFDP66DA,26,12.13,共有部份,鋼筋混凝土造,85年3月9日,十三層,,持分移轉
RPQOMLRKLHHGFAP98EA,28,89.64,住家用,鋼筋混凝土造,82年9月29日,六層,三層 陽台,全筆移轉
RPQOMLRKLHHGFAP98EA,28,36.62,共有部份,鋼筋混凝土造,82年9月29日,六層,,持分移轉
RPSNMLOLKHHGFCP88DA,41,127.92,住家用,加強磚造,70年4月26日,二層,一層 二層,全筆移轉
RPOOMLQKLHHGFAP68EA,22,109.50,住家用,鋼筋混凝土造,88年9月26日,五層,四層 五層 陽台 屋頂突出物,全筆移轉
RPOOMLQKLHHGFAP68EA,22,21.25,共有部份,鋼筋混凝土造,88年9月26日,五層,,持分移轉
RPPNMLKLLHHGFDP38DA,2,195.20,住家用,鋼筋混凝土造,109年5月15日,四層,一層 二層 三層 四層 陽台,全筆移轉
RPRNMLKKLHHGFCP38DA,8,215.73,住宅、樓梯間,鋼筋混凝土造,103年3月25日,三層,一層 二層 三層 陽台 見其他登記事項,全筆移轉
RPXNMLQKLHHGFDP07DA,23,229.17,住家用,鋼筋混凝土造,87年9月24日,四層,一層 二層 三層 四層 陽台,全筆移轉
RPTNMLSKLHHGFAP56DA,27,170.61,住家用,鋼筋混凝土造,84年7月18日,四層,一層 二層 三層 四層 陽台 平台,全筆移轉
RPSOMLQKLHHGFAP98DA,1,77.51,集合住宅,鋼筋混凝土造,110年6月10日,七層,二層 陽台,全筆移轉
RPSOMLQKLHHGFAP98DA,1,36.75,停車空間、管理委員會空間、樓梯間、走廊、車道、機械式、水箱,鋼筋混凝土造,110年6月10日,七層,,持分移轉
RPPNMLOKLHHGFAP38DA,27,142.56,住家用,鋼筋混凝土造,83年11月14日,十二層,三層 陽台,全筆移轉
RPPNMLOKLHHGFAP38DA,,33.20,共有部份,鋼筋混凝土造,,十二層,,持分移轉
RPUOMLOKLHHGFAP98DA,30,45.57,住家用,鋼筋混凝土造,81年1月13日,六層,二層 陽台,全筆移轉
RPUOMLOKLHHGFAP98DA,30,6.58,共有部份,鋼筋混凝土造,81年1月13日,六層,,持分移轉
RPRNMLOKLHHGFAP58DA,12,9.72,辦公室,鋼筋混凝土造,99年2月23日,七層,六層 陽台 雨遮,全筆移轉
RPRNMLOKLHHGFAP58DA,12,3.84,台電配電室、停車空間、水箱、緊急發電機及消幫浦室〈共有部份〉,鋼筋混凝土造,99年2月23日,七層,,持分移轉
RPRNMLOKLHHGFAP58DA,12,4.82,公設梯廳、走道、機械室、水箱、樓梯間、電信室、停車空間（共有部份）,鋼筋混凝土造,99年2月23日,七層,,持分移轉
RPXNMLPKLHHGFAP66DA,30,138.50,住家用,鋼筋混凝土造,81年5月26日,十層,五層 陽台 花台,全筆移轉
RPXNMLPKLHHGFAP66DA,30,45.19,共有部份,鋼筋混凝土造,81年5月26日,十層,,持分移轉
RPTNMLMJLHHGFAP48DA,7,96.57,店舖、住宅、樓梯間,鋼筋混凝土造,104年1月15日,二層,一層 二層 屋頂突出物,全筆移轉
RPVNMLMJLHHGFAP68DA,15,235.28,辦公室,鋼筋混凝土造,95年9月6日,四層,一層 二層 三層 四層 見其他登記事項,全筆移轉
RPUNMLLLLHHGFAP78EA,7,191.86,住宅、樓梯間,鋼筋混凝土造,104年1月30日,二層,一層 二層 屋頂突出物,全筆移轉
RPPNMLNJLHHGFFP68DA,2,155.99,停車空間，住宅，樓梯間,ＲＣ造,109年6月11日,三層,見其他登記事項 見其他登記事項,全筆移轉
RPOOMLMLLHHGFAP38EA,47,169.23,住商用,加強磚造,63年9月24日,三層,一層 二層 三層 陽台 騎樓,全筆移轉
RPSNMLLJLHHGFAP28DA,26,183.43,農舍,加強磚造,84年8月22日,二層,一層 二層 陽台,全筆移轉
RPQNMLMLLHHGFEP78DA,43,106.64,住商用,加強磚造,68年4月20日,二層,一層 二層 騎樓,全筆移轉
RPRNMLKLLHHGFBP38DA,10,98.53,一般事務所,鋼筋混凝土造,100年10月11日,三層,一層 二層 三層 陽台 見其他登記事項 見其他登記事項,持分移轉
RPPNMLRKLHHGFBP78DA,1,226.99,私設騎樓、住宅、樓梯間,鋼筋混凝土造,109年9月17日,三層,一層 二層 三層 陽台 見其他登記事項,全筆移轉
RPUOMLQKLHHGFAP56DA,1,77.51,集合住宅,鋼筋混凝土造,110年6月10日,七層,二層 陽台,全筆移轉
RPUOMLQKLHHGFAP56DA,1,36.75,停車空間、管理委員會空間、樓梯間、走廊、車道、機械式、水箱,鋼筋混凝土造,110年6月10日,七層,,持分移轉
RPVOMLQKLHHGFAP66DA,1,38.02,集合住宅,鋼筋混凝土造,110年6月10日,七層,三層 陽台,全筆移轉
RPVOMLQKLHHGFAP66DA,1,18.17,停車空間、管理委員會空間、樓梯間、走廊、車道、機械式、水箱,鋼筋混凝土造,110年6月10日,七層,,持分移轉
RPWOMLQKLHHGFAP76DA,1,38.36,集合住宅,鋼筋混凝土造,110年6月10日,七層,三層 陽台,全筆移轉
RPWOMLQKLHHGFAP76DA,1,18.33,停車空間、管理委員會空間、樓梯間、走廊、車道、機械式、水箱,鋼筋混凝土造,110年6月10日,七層,,持分移轉
RPRNMLMLLHHGFDP78DA,18,167.18,住家用,鋼筋混凝土造,93年7月26日,三層,一層 二層 三層 電梯樓梯間 見其他登記事項,全筆移轉
RPVOMLMLLHHGFAP09EA,,282.09,住家用,鋼筋混凝土造,110年12月6日,四層,一層 二層 三層 四層 陽台,全筆移轉
RPWNMLMLLHHGFAP09EA,38,129.86,住家用,加強磚造,73年5月7日,二層,一層 二層 電梯樓梯間,全筆移轉
RPWNMLNLLHHGFAP56EA,15,382.12,住家用,鋼筋混凝土造,96年6月8日,三層,一層 二層 三層 陽台 地下一層,全筆移轉
RPVNMLOLLHHGFCP76EA,44,215.37,住商用,加強磚造,67年7月10日,三層,一層 二層 三層 騎樓,全筆移轉
RPWOMLMLLHHGFAP56EA,,281.75,住家用,鋼筋混凝土造,110年12月6日,四層,一層 二層 三層 四層 陽台,全筆移轉
RPQNMLLLLHHGFBP48EA,1,226.99,私設騎樓、住宅、樓梯間,鋼筋混凝土造,109年9月17日,三層,一層 二層 三層 陽台 見其他登記事項,全筆移轉
RPROMLSJLHHGFAP98DA,28,87.24,住家用,鋼筋混凝土造,83年6月15日,十一層,十層 陽台,全筆移轉
RPROMLSJLHHGFAP98DA,28,13.48,共有部份,鋼筋混凝土造,83年6月15日,十一層,,持分移轉
RPROMLSJLHHGFAP98DA,28,10.13,共有部份,鋼筋混凝土造,83年6月15日,,,持分移轉
RPQNMLSLLHHGFDP76EA,8,182.66,店鋪、住宅,鋼筋混凝土造,102年11月1日,三層,一層 二層 三層 陽台,全筆移轉
RPTNMLMLLHHGFAP78EA,2,80.76,集合住宅,鋼筋混凝土造,109年8月5日,五層,二層 陽台,全筆移轉
RPTNMLMLLHHGFAP78EA,2,39.92,停車空間、共用梯廳、管委會使用空間、機電設備空間、樓梯間、水箱,鋼筋混凝土造,109年8月5日,五層,,持分移轉
RPQNMLSLLHHGFAP09EA,25,27.85,住家用,鋼筋混凝土造,86年5月15日,十六層,三層 花台,全筆移轉
RPQNMLSLLHHGFAP09EA,25,4.42,共有部份,鋼筋混凝土造,86年5月15日,十六層,,持分移轉
RPQNMLSLLHHGFAP09EA,25,8.62,共有部份,鋼筋混凝土造,86年5月15日,十六層,,持分移轉
RPXNMLNLLHHGFAP56DA,42,86.27,住家用,加強磚造,68年9月5日,二層,一層 二層 陽台 平台,全筆移轉
RPQNMLNLLHHGFAP48DA,22,177.72,住家用,鋼筋混凝土造,89年8月5日,四層,一層 二層 三層 四層 陽台,全筆移轉
RPPOMLTJLHHGFAP88DA,25,103.53,住家用,鋼筋混凝土造,86年5月15日,十六層,八層 陽台 花台,全筆移轉
RPPOMLTJLHHGFAP88DA,25,25.05,共有部份,鋼筋混凝土造,86年5月15日,十六層,,持分移轉
RPPOMLTJLHHGFAP88DA,25,17.94,共有部份,鋼筋混凝土造,86年5月15日,十六層,,持分移轉
RPOOMLPKLHHGFEP88DA,27,93.74,住家用,鋼筋混凝土造,84年5月26日,十五層,十層 陽台,全筆移轉
RPOOMLPKLHHGFEP88DA,27,2.20,共有部份,鋼筋混凝土造,84年5月26日,,,持分移轉
RPOOMLPKLHHGFEP88DA,27,12.02,共有部份,鋼筋混凝土造,84年5月26日,,,持分移轉
RPOOMLPKLHHGFEP88DA,27,1.63,共有部份,鋼筋混凝土造,84年5月26日,,,持分移轉
RPRNMLTLLHHGFBP76EA,28,95.66,住家用,鋼筋混凝土造,83年4月30日,十層,七層 陽台,全筆移轉
RPRNMLTLLHHGFBP76EA,28,13.41,共有部份,鋼筋混凝土造,83年4月30日,地下二層,,持分移轉
RPRNMLTLLHHGFBP76EA,28,23.35,共有部份,鋼筋混凝土造,83年4月30日,十層,,持分移轉
RPPNMLLMLHHGFBP48EA,10,269.63,一般事務所,鋼筋混凝土造,100年10月11日,三層,一層 二層 三層 陽台 騎樓 見其他登記事項 見其他登記事項,全筆移轉
RPPNMLSKLHHGFBP88DA,8,210.72,一般事務所、樓梯間,鋼筋混凝土造,102年10月18日,三層,一層 二層 三層 陽台 屋頂突出物,全筆移轉
RPTOMLQKLHHGFAP09DA,1,75.85,集合住宅,鋼筋混凝土造,110年6月10日,七層,二層 陽台,全筆移轉
RPTOMLQKLHHGFAP09DA,1,36.75,停車空間、管理委員會空間、樓梯間、走廊、車道、機械式、水箱,鋼筋混凝土造,110年6月10日,七層,,持分移轉
RPPNMLKMLHHGFAP18DA,2,191.57,住宅、梯間,鋼筋混凝土造,108年10月15日,三層,一層 二層 三層 陽台 屋頂突出物,全筆移轉
RPUNMLLLLHHGFDP98DA,26,195.80,住家用,鋼筋混凝土造,84年10月30日,四層,一層 二層 三層 四層 陽台,全筆移轉
RPXNMLSLLHHGFEP57EA,25,50.07,住家用,鋼筋混凝土造,86年1月3日,十層,四層 陽台,全筆移轉
RPXNMLSLLHHGFEP57EA,25,1.01,地下室（防空避難室兼停車空間）,鋼筋混凝土造,86年1月3日,十層,,持分移轉
RPXNMLSLLHHGFEP57EA,25,7.90,梯間、機械室、水箱、走道、樓梯、電梯,鋼筋混凝土造,86年1月3日,十層,,持分移轉
RPUNMLLMLHHGFDP09DA,,148.41,住家用,鋼筋混凝土造,110年11月3日,三層,一層 二層 三層 陽台,全筆移轉
RPRNMLQJMHHGFFP66DA,42,99.20,住家用,加強磚造,69年2月3日,二層,一層 二層 陽台,全筆移轉
RPTNMLKKLHHGFCP58DA,31,20.56,住宅用,ＲＣ構架造,79年10月8日,二層,一層 二層 電梯樓梯間,持分移轉
RPVPMLKMLHHGFAP09EA,27,37.33,住家用,鋼筋混凝土造,83年11月15日,十二層,九層 陽台,全筆移轉
RPRNMLNLLHHGFAP58DA,40,118.28,住商用,ＲＣ構架磚造,71年1月20日,二層,一層 二層 騎樓 電梯樓梯間,全筆移轉
RPVPMLKMLHHGFAP09EA,27,5.55,共有部份,鋼筋混凝土造,83年11月15日,十二層,,持分移轉
RPVPMLKMLHHGFAP09EA,27,6.76,共有部份,鋼筋混凝土造,83年11月15日,十二層,,持分移轉
RPRNMLQJMHHGFAP78DA,2,243.52,住家用,鋼筋混凝土造,108年9月20日,四層,一層 二層 三層 四層 陽台,全筆移轉
RPRNMLQJMHHGFAP78DA,2,131.21,停車空間,鋼筋混凝土造,108年9月20日,四層,,持分移轉
RPROMLTLLHHGFAP66DA,7,57.26,住家用,鋼筋混凝土造,103年9月4日,四層,二層 陽台,全筆移轉
RPROMLTLLHHGFAP66DA,7,16.46,本共有部分之項目有電梯、樓梯、管委會門廊、梯廳、外廊、機房,鋼筋混凝土造,103年9月4日,四層,,持分移轉
RPPNMLRJMHHGFBP78DA,46,188.58,住商用,鋼筋混凝土加強磚造,65年5月15日,三層,一層 二層 三層 騎樓 電梯樓梯間,全筆移轉
RPQNMLPLLHHGFBP78DA,23,73.72,住家用,鋼筋混凝土造,88年7月10日,八層,四層 陽台,全筆移轉
RPQNMLPLLHHGFBP78DA,23,10.88,共有部份,鋼筋混凝土造,88年7月10日,八層,,持分移轉
RPQNMLPLLHHGFBP78DA,23,8.02,共有部份,鋼筋混凝土造,88年7月10日,八層,,持分移轉
RPUNMLLJMHHGFDP88DA,18,150.17,住家用,鋼筋混凝土造,92年10月17日,三層,一層 二層 三層 陽台,全筆移轉
RPVNMLQJMHHGFAP66EA,44,147.45,住商用,加強磚造,67年7月1日,二層,一層 二層 騎樓,全筆移轉
RPQNMLSJMHHGFAP98EA,20,39.78,集合住宅,鋼筋混凝土造,90年12月30日,五層,一層 陽台,全筆移轉
RPQNMLSJMHHGFAP98EA,20,3.85,共有部份,鋼筋混凝土造,90年12月30日,五層,,持分移轉
RPPNMLRJMHHGFAP68DA,28,139.50,住家用,鋼筋混凝土造,83年2月21日,三層,一層 二層 三層 電梯樓梯間,全筆移轉
RPTNMLOLLHHGFDP56DA,,286.54,住宅、停車空間,鋼筋混凝土造,110年9月11日,四層,一層 二層 三層 四層 陽台,全筆移轉
RPRNMLNLKHHGFAP48DA,37,126.46,住家用,加強磚造,74年5月25日,二層,一層 二層 電梯樓梯間,全筆移轉
RPTNMLRJMHHGFCP66DA,33,112.06,住家用,ＲＣ構架造,78年1月18日,二層,一層 二層 騎樓,全筆移轉
RPRNMLMKMHHGFAP48DA,24,154.02,住商用,鋼筋混凝土造,86年11月5日,三層,一層 二層 三層 陽台 電梯樓梯間,全筆移轉
RPSNMLMKMHHGFAP58DA,15,161.98,住宅、樓梯間,鋼筋混凝土造,95年9月11日,三層,一層 二層 三層 陽台 電梯樓梯間,全筆移轉
RPQNMLRJLHHGFAP78EA,52,61.01,住家用,鋼筋混凝土造,59年8月10日,二層,一層 二層 騎樓,持分移轉
RPRNMLPKMHHGFBP98EA,27,229.70,住家用,鋼筋混凝土造,84年1月2日,三層,一層 二層 三層 陽台 電梯樓梯間 地下層 見其他登記事項,全筆移轉
RPOOMLOKMHHGFAP58EA,2,265.66,住宅、機械室,鋼筋混凝土造,109年3月25日,四層,一層 二層 三層 四層 陽台 屋頂突出物,全筆移轉
RPPNMLLJLHHGFBP08DA,1,213.80,住家用,鋼筋混凝土造,110年5月10日,三層,一層 二層 三層 陽台,全筆移轉
RPVNMLNKMHHGFEP76DA,,181.28,住家用,鋼筋混凝土造,110年12月20日,三層,一層 二層 三層 陽台,全筆移轉
RPVNMLKLMHHGFAP78DA,40,125.48,住家用,加強磚造,70年10月24日,二層,一層 二層 電梯樓梯間,全筆移轉
RPVNMLNKMHHGFAP98DA,42,102.20,住家用,加強磚造,68年12月31日,二層,一層 二層,全筆移轉
RPQNMLQJNHHGFAP78DA,47,56.16,住家用,磚石造,64年7月1日,一層,一層,全筆移轉
RPPNMLMKNHHGFDP68DA,43,92.66,住家用,加強磚造,68年3月3日,二層,一層 二層,全筆移轉
RPPNMLMKNHHGFDP68DA,43,92.82,住家用,加強磚造,68年3月3日,二層,一層 二層,全筆移轉
RPUNMLPKMHHGFBP56DA,11,167.53,運動休閒設施（保健館）,鋼筋混凝土造,99年9月29日,三層,一層 二層 三層 陽台 電梯樓梯間,全筆移轉
RPQNMLTJNHHGFAP09DA,25,101.83,農舍,鋼架造,86年6月17日,一層,一層,全筆移轉
RPPNMLKLNHHGFDP58DA,,227.89,停車空間、店舖、住宅、樓梯間,鋼筋混凝土造,111年1月6日,三層,一層 二層 三層 陽台 見其他登記事項,全筆移轉
RPSNMLNLNHHGFAP88DA,50,49.50,住家用,木石磚造（磚石造）,61年1月1日,一層,一層,全筆移轉
RPSNMLQJNHHGFBP09DA,,170.21,住家用,鋼筋混凝土造,111年3月1日,三層,一層 二層 三層 陽台,全筆移轉
RPPNMLPKNHHGFFP56DA,,5516.94,豬舍、堆肥舍、管理室、機電室,ＲＣ造、預鑄水泥柱磚木造、鋼鐵造,111年1月28日,一層,見其他登記事項,全筆移轉
RPOPMLLMNHHGFEP98DA,29,184.73,門廊、住宅、梯間,鋼筋混凝土造,81年11月6日,三層,一層 二層 三層 屋頂突出物 騎樓,全筆移轉
RPSOMLPLMHHGFAP09DA,26,83.76,住家用,鋼筋混凝土造,85年6月30日,八層,二層 陽台,全筆移轉
RPSOMLPLMHHGFAP09DA,26,33.98,共有部份,鋼筋混凝土造,85年6月30日,八層,,持分移轉
RPPNMLOKKHHGFAP28DA,3,193.10,住家用,鋼筋混凝土造,108年6月10日,四層,一層 二層 三層 四層 陽台,全筆移轉
RPVNMLTJLHHGFAP86EA,40,99.44,住商用,加強磚造,70年12月29日,二層,一層 二層 騎樓 電梯樓梯間,全筆移轉
RPVNMLKKLHHGFAP68EA,40,26.42,住家用,加強磚造,70年12月29日,二層,一層 二層 騎樓 電梯樓梯間,持分移轉
RPWNMLKKLHHGFAP78EA,40,108.80,住商用,加強磚造,71年4月8日,二層,一層 二層 騎樓 電梯樓梯間,全筆移轉
RPPOMLLJLHHGFDP38DA,44,134.64,住商用,加強磚造,67年5月10日,三層,一層 二層 三層 騎樓 電梯樓梯間,全筆移轉
RPWNMLKKLHHGFDP98DA,11,178.26,住家用,鋼筋混凝土造,99年11月17日,三層,一層 二層 三層 陽台 花台 雨遮,全筆移轉
RPRNMLMLJHHGFAP28DA,13,267.12,住家用,鋼筋混凝土造,97年10月31日,三層,一層 二層 三層 陽台,全筆移轉
RPPNMLOKLHHGFBP48DA,,212.42,住宅、樓梯間,鋼筋混凝土造,110年10月27日,三層,一層 二層 三層 陽台 見其他登記事項,全筆移轉
RPRNMLOKLHHGFBP68DA,,204.36,住宅、樓梯間,鋼筋混凝土造,110年10月27日,三層,一層 二層 三層 陽台 見其他登記事項,全筆移轉
RPSNMLOKLHHGFBP78DA,,204.36,住宅、樓梯間,鋼筋混凝土造,110年10月27日,三層,一層 二層 三層 陽台 見其他登記事項,全筆移轉
RPQNMLOKLHHGFBP58DA,,205.48,住宅、樓梯間,鋼筋混凝土造,110年10月27日,三層,一層 二層 三層 陽台 見其他登記事項,全筆移轉
RPUNMLOKLHHGFBP98DA,,204.36,住宅、樓梯間,鋼筋混凝土造,110年10月27日,三層,一層 二層 三層 陽台 見其他登記事項,全筆移轉
RPVNMLOKLHHGFBP09DA,,204.36,住宅、樓梯間,鋼筋混凝土造,110年10月27日,三層,一層 二層 三層 陽台 見其他登記事項,全筆移轉
RPWNMLOKLHHGFBP56DA,,207.71,住宅、樓梯間,鋼筋混凝土造,110年10月27日,三層,一層 二層 三層 陽台 見其他登記事項,全筆移轉
RPTNMLOKLHHGFBP88DA,,204.36,住宅、樓梯間,鋼筋混凝土造,110年10月27日,三層,一層 二層 三層 陽台 見其他登記事項,全筆移轉
RPXNMLOKLHHGFBP66DA,,211.82,住宅、樓梯間,鋼筋混凝土造,110年10月27日,三層,一層 二層 三層 陽台 見其他登記事項,全筆移轉
RPUNMLOKLHHGFAP88DA,25,59.14,住家用,鋼筋混凝土造,86年5月15日,十六層,十一層 陽台 花台,全筆移轉
RPUNMLOKLHHGFAP88DA,25,9.49,共有部份,鋼筋混凝土造,86年5月15日,十六層,,持分移轉
RPUNMLOKLHHGFAP88DA,25,13.49,共有部份,鋼筋混凝土造,86年5月15日,十六層,,持分移轉
RPWNMLOKLHHGFCP66DA,30,111.57,住家用,鋼筋混凝土造,80年9月11日,二層,一層 二層 電梯樓梯間,全筆移轉
RPPNMLPKLHHGFBP58DA,6,174.99,住宅、停車空間、梯間,鋼筋混凝土造,104年9月17日,三層,一層 二層 三層 見其他登記事項,全筆移轉
RPOOMLRKLHHGFAP78EA,17,165.78,住家用,鋼筋混凝土造,93年10月10日,三層,一層 二層 三層 電梯樓梯間 見其他登記事項,全筆移轉
RPWNMLSKKHHGFDP07DA,7,3109.95,農作生產、資材儲放、農產品集貨包,鋼骨造,104年2月13日,一層,一層,全筆移轉
RPQOMLOKLHHGFAP58DA,7,66.42,住家用,鋼筋混凝土造,103年9月4日,四層,二層 陽台,全筆移轉
RPQOMLOKLHHGFAP58DA,7,16.46,本共有部分之項目有電梯、樓梯、管委會門廊、梯廳、外廊、機房,鋼筋混凝土造,103年9月4日,四層,,持分移轉
RPRNMLRKLHHGFDP56DA,43,182.28,住商用,加強磚造,68年1月5日,三層,一層 二層 三層,全筆移轉
RPPNMLSKLHHGFFP76EA,1,199.17,住宅、騎樓、樓梯間,ＲＣ造,109年9月3日,三層,一層 二層 三層 陽台 屋頂突出物 騎樓,全筆移轉
RPSNMLSKLHHGFBP56DA,,205.48,住宅、樓梯間,鋼筋混凝土造,110年10月27日,三層,一層 二層 三層 陽台 見其他登記事項,全筆移轉
RPUNMLSKLHHGFBP76DA,,205.48,住宅、樓梯間,鋼筋混凝土造,110年10月27日,三層,一層 二層 三層 陽台 見其他登記事項,全筆移轉
RPTNMLSKLHHGFBP66DA,,205.48,住宅、樓梯間,鋼筋混凝土造,110年10月27日,三層,一層 二層 三層 陽台 見其他登記事項,全筆移轉
RPVNMLSKLHHGFBP86DA,,211.88,住宅、樓梯間,鋼筋混凝土造,110年10月27日,三層,一層 二層 三層 陽台 見其他登記事項,全筆移轉
RPXNMLRKLHHGFDP17DA,1,184.20,住家用,鋼筋混凝土造,109年9月8日,三層,一層 二層 三層 陽台,全筆移轉
RPWNMLSKLHHGFBP96DA,,298.40,住宅、樓梯間,鋼筋混凝土造,110年11月2日,三層,一層 二層 三層 陽台 見其他登記事項,全筆移轉
RPXNMLSKLHHGFBP07DA,,194.33,住宅、樓梯間,鋼筋混凝土造,110年11月2日,三層,一層 二層 三層 陽台 見其他登記事項,全筆移轉
RPOOMLSKLHHGFBP88DA,,218.26,住宅、樓梯間,鋼筋混凝土造,110年11月2日,三層,一層 二層 三層 陽台 見其他登記事項,全筆移轉
RPROMLQKLHHGFAP88DA,1,75.60,集合住宅,鋼筋混凝土造,110年6月10日,七層,二層 陽台,全筆移轉
RPROMLQKLHHGFAP88DA,1,36.75,停車空間、管理委員會空間、樓梯間、走廊、車道、機械式、水箱,鋼筋混凝土造,110年6月10日,七層,,持分移轉
RPUNMLSKLHHGFAP66DA,3,66.88,集合住宅,鋼筋混凝土造,107年9月20日,七層,七層 陽台,全筆移轉
RPUNMLSKLHHGFAP66DA,3,42.14,停車空間、門廊、門廳、室外安全梯、車道、資源回收室、管委會使用空間,鋼筋混凝土造,107年9月20日,七層,,持分移轉
RPUNMLSKLHHGFAP66DA,3,13.30,樓梯間、機械室、水箱,鋼筋混凝土造,107年9月20日,七層,,持分移轉
RPSNMLSJLHHGFAP98DA,21,58.41,商業用,鋼骨造,89年12月18日,一層,一層,全筆移轉
RPRNMLMLLHHGFEP88DA,43,180.67,住商用,加強磚造,68年6月25日,二層,一層 二層 騎樓,全筆移轉
RPPNMLMLLHHGFDP58DA,3,176.42,住家用,鋼筋混凝土造,107年10月23日,四層,一層 二層 三層 四層 見其他登記事項,全筆移轉
RPPNMLSKLHHGFAP78DA,1,38.02,集合住宅,鋼筋混凝土造,110年6月10日,七層,四層 陽台,全筆移轉
RPPNMLSKLHHGFAP78DA,1,18.17,停車空間、管理委員會空間、樓梯間、走廊、車道、機械式、水箱,鋼筋混凝土造,110年6月10日,七層,,持分移轉
RPQNMLRKLHHGFBP88DA,1,226.99,私設騎樓、住宅、樓梯間,鋼筋混凝土造,109年9月17日,三層,一層 二層 三層 陽台 見其他登記事項,全筆移轉
RPUNMLNLLHHGFAP98EA,38,120.09,住商用,加強磚造,72年8月9日,二層,一層 二層 電梯樓梯間,全筆移轉
RPSOMLPLLHHGFAP98DA,37,94.57,住家用,鋼筋混凝土造,74年2月3日,五層,四層,全筆移轉
RPSOMLPLLHHGFAP98DA,37,9.38,共有部份,鋼筋混凝土造,74年2月3日,六層,,持分移轉
RPSOMLPLLHHGFAP98DA,37,10.70,共有部份,鋼筋混凝土造,74年2月3日,六層,,持分移轉
RPPNMLTKLHHGFAP88DA,42,112.14,住商用,加強磚造,68年10月27日,二層,一層 二層 騎樓 電梯樓梯間,全筆移轉
RPSOMLRKLHHGFEP86DA,8,489.64,騎樓、店舖、住宅,鋼筋混凝土造,103年5月20日,五層,陽台 騎樓 見其他登記事項,全筆移轉
RPQNMLSLLHHGFFP96EA,1,210.14,住宅、騎樓、樓梯間、停車空間,ＲＣ造,109年9月3日,三層,陽台 見其他登記事項,全筆移轉
RPRNMLRLLHHGFBP09DA,6,66.49,住家用,鋼筋混凝土造,104年7月28日,五層,二層 陽台,全筆移轉
RPRNMLRLLHHGFBP09DA,6,17.22,共有部份,鋼筋混凝土造,104年7月28日,五層,,持分移轉
RPSNMLKKLHHGFCP48DA,43,126.24,住商用,加強磚造,68年4月30日,二層,一層 二層 騎樓,全筆移轉
RPQNMLNJLHHGFBP38DA,17,201.29,住宅、梯間、水箱,鋼筋混凝土造,93年12月29日,四層,一層 二層 三層 四層 陽台 屋頂突出物 雨遮,全筆移轉
RPPNMLLMLHHGFAP28DA,3,295.36,住宅、停車空間、樓梯間,鋼筋混凝土造,108年6月3日,四層,一層 二層 三層 四層 陽台 屋頂突出物,全筆移轉
RPRNMLSJMHHGFAP09EA,8,50.00,自用農舍,鋼鐵造有牆,102年11月6日,一層,一層,全筆移轉
RPXNMLOKMHHGFFP27EA,1,217.62,住宅、騎樓、樓梯間、停車空間,ＲＣ造,109年9月3日,三層,陽台 見其他登記事項,全筆移轉
RPSOMLTLLHHGFEP17DA,24,190.43,住家用,鋼筋混凝土造,86年12月31日,三層,一層 二層 三層 陽台 電梯樓梯間,全筆移轉
RPRNMLSLLHHGFAP09DA,28,128.99,住家用,鋼筋混凝土造,82年12月1日,八層,三層 陽台 露台,全筆移轉
RPRNMLSLLHHGFAP09DA,28,47.43,共有部份,鋼筋混凝土造,82年12月1日,八層,,持分移轉
RPVOMLSKMHHGFAP07EA,2,173.65,住宅、樓梯間,鋼筋混凝土造,108年9月16日,三層,一層 二層 三層 陽台 屋頂突出物,全筆移轉
RPUNMLNKMHHGFEP66DA,,181.28,住家用,鋼筋混凝土造,110年12月20日,三層,一層 二層 三層 陽台,全筆移轉
RPQNMLTJMHHGFEP76DA,,207.31,住家用,鋼筋混凝土造,110年12月20日,三層,一層 二層 三層 陽台,全筆移轉
RPSNMLPLMHHGFAP09EA,,161.41,住家用,鋼筋混凝土造,110年9月24日,四層,一層 二層 三層 四層 陽台,全筆移轉
RPVOMLTJNHHGFAP07DA,,164.26,住宅、樓梯間,鋼筋混凝土造,110年9月24日,四層,一層 二層 三層 四層 陽台,全筆移轉
RPPNMLMLMHHGFEP78DA,33,189.52,防空避難室兼停車場,鋼筋混凝土造,78年1月23日,五層,地下層,持分移轉
RPPNMLMLMHHGFEP78DA,33,2.12,共有部份,鋼筋混凝土造,78年1月23日,五層,,持分移轉
RPPNMLMLMHHGFEP78DA,33,25.58,共有部份,鋼筋混凝土造,78年1月23日,五層,,持分移轉
RPPNMLMLMHHGFEP78DA,33,25.58,共有部份,鋼筋混凝土造,78年1月23日,五層,,持分移轉
RPPNMLMLMHHGFEP78DA,33,465.41,營業場,鋼筋混凝土造,78年1月23日,五層,四層 陽台,全筆移轉
RPPNMLMLMHHGFEP78DA,33,477.35,辦公室,鋼筋混凝土造,78年1月23日,五層,四層 陽台,全筆移轉
RPPNMLMLMHHGFEP78DA,33,21.94,通道、樓梯,鋼筋混凝土造,78年1月23日,五層,,持分移轉
RPPNMLMLMHHGFEP78DA,33,21.94,通道、樓梯,鋼筋混凝土造,78年1月23日,五層,,持分移轉
RPPNMLMLMHHGFEP78DA,33,40.06,通道、樓梯 、配電室、昇降機間,鋼筋混凝土造,78年1月23日,五層,,持分移轉
RPVNMLNLNHHGFDP86DA,1,299.48,住家用,鋼筋混凝土造,110年1月10日,四層,一層 二層 三層 四層 陽台,全筆移轉
RPUNMLPLNHHGFEP07DA,17,3276.43,雞舍、倉儲室、水塔、飼料桶、管理室、涼棚,磚木造、木造,94年1月27日,一層,見其他登記事項,全筆移轉
RPQNMLRLNHHGFAP09DA,,329.82,住宅、樓梯間,鋼筋混凝土造,110年12月15日,三層,一層 二層 三層 陽台 見其他登記事項,全筆移轉
RPWNMLPJNHHGFAP66DA,1,287.50,住宅、樓梯間,鋼筋混凝土造,110年6月1日,四層,一層 二層 三層 四層 陽台 見其他登記事項,全筆移轉
RPUOMLLJLHHGFAP58DA,1,75.60,集合住宅,鋼筋混凝土造,110年6月10日,七層,四層 陽台,全筆移轉
RPUOMLLJLHHGFAP58DA,1,36.71,停車空間、管理委員會空間、樓梯間、走廊、車道、機械式、水箱,鋼筋混凝土造,110年6月10日,七層,,持分移轉
RPTOMLKKKHHGFAP38DA,,171.01,住宅、樓梯間,鋼筋混凝土造,110年9月24日,四層,一層 二層 三層 四層 陽台,全筆移轉
RPSOMLLJLHHGFAP38DA,1,75.60,集合住宅,鋼筋混凝土造,110年6月10日,七層,四層 陽台,全筆移轉
RPSOMLLJLHHGFAP38DA,1,36.67,停車空間、管理委員會空間、樓梯間、走廊、車道、機械式、水箱,鋼筋混凝土造,110年6月10日,七層,,持分移轉
RPQNMLLKLHHGFBP28DA,21,197.08,住家用,鋼筋混凝土造,90年6月6日,三層,一層 二層 三層 陽台 電梯樓梯間 雨遮 見其他登記事項,全筆移轉
RPOQMLLJLHHGFAP18DA,1,75.60,集合住宅,鋼筋混凝土造,110年6月10日,七層,七層 陽台,全筆移轉
RPOQMLLJLHHGFAP18DA,1,36.71,停車空間、管理委員會空間、樓梯間、走廊、車道、機械式、水箱,鋼筋混凝土造,110年6月10日,七層,,持分移轉
RPOPMLLJLHHGFAP08DA,1,75.60,集合住宅,鋼筋混凝土造,110年6月10日,七層,五層 陽台,全筆移轉
RPOPMLLJLHHGFAP08DA,1,36.71,停車空間、管理委員會空間、樓梯間、走廊、車道、機械式、水箱,鋼筋混凝土造,110年6月10日,七層,,持分移轉
RPQNMLQKLHHGFDP98DA,,202.84,住宅、樓梯間,鋼筋混凝土造,110年6月30日,三層,一層 二層 三層 陽台 見其他登記事項,全筆移轉
RPPPMLOKLHHGFDP88DA,20,9.39,台電受電室、機械室、蓄水池、梯間甲、梯間乙、門廳、通道、甲乙梯、梯廳、水箱,鋼筋混凝土造,91年4月25日,六層,,持分移轉
RPPPMLOKLHHGFDP88DA,20,56.16,商業用,鋼筋混凝土造,91年4月25日,六層,三層,全筆移轉
RPPPMLOKLHHGFDP88DA,20,.09,防空避難室兼停車空間,鋼筋混凝土造,91年4月25日,六層,,持分移轉
RPPPMLOKLHHGFDP88DA,20,2.99,防空避難室兼停車空間,鋼筋混凝土造,91年4月25日,六層,,持分移轉
RPPPMLOKLHHGFDP88DA,20,6.44,走廊、空調室,鋼筋混凝土造,91年4月25日,六層,,持分移轉
RPQPMLOKLHHGFDP98DA,20,9.48,台電受電室、機械室、蓄水池、梯間甲、梯間乙、門廳、通道、甲乙梯、梯廳、水箱,鋼筋混凝土造,91年4月25日,六層,,持分移轉
RPQPMLOKLHHGFDP98DA,20,56.52,商業用,鋼筋混凝土造,91年4月25日,六層,三層 陽台,全筆移轉
RPQPMLOKLHHGFDP98DA,20,.09,防空避難室兼停車空間,鋼筋混凝土造,91年4月25日,六層,,持分移轉
RPQPMLOKLHHGFDP98DA,20,3.02,防空避難室兼停車空間,鋼筋混凝土造,91年4月25日,六層,,持分移轉
RPQPMLOKLHHGFDP98DA,20,6.55,走廊、空調室,鋼筋混凝土造,91年4月25日,六層,,持分移轉
RPWNMLMLLHHGFDP66DA,15,180.91,集合住宅,鋼筋混凝土造,95年12月6日,四層,一層 二層 三層 四層 見其他登記事項,全筆移轉
RPWNMLMLLHHGFDP66DA,15,63.32,停車空間,鋼筋混凝土造,95年12月6日,四層,,持分移轉
RPTNMLOLLHHGFAP98EA,41,407.09,住家用,加強磚造,70年6月3日,二層,一層 二層,全筆移轉
RPTNMLOLLHHGFAP98EA,41,176.86,住家用,加強磚造,70年6月3日,一層,一層,全筆移轉
RPRNMLSLLHHGFBP56DA,81,98.21,住商用,加強磚造,30年1月30日,二層,一層 二層 陽台 騎樓,全筆移轉
RPRNMLSLLHHGFCP66DA,,166.73,住家用,鋼筋混凝土造,111年1月24日,三層,一層 二層 三層 陽台,全筆移轉
RPPNMLQJMHHGFBP68DA,,308.53,住宅、樓梯間,鋼筋混凝土造,110年12月6日,四層,一層 二層 三層 四層 陽台 見其他登記事項,全筆移轉
RPQNMLPKMHHGFBP78DA,,151.06,住宅、樓梯間,鋼筋混凝土造,110年8月27日,三層,一層 二層 三層 見其他登記事項,全筆移轉
RPPNMLPKMHHGFBP68DA,,151.06,住宅、樓梯間,鋼筋混凝土造,110年8月27日,三層,一層 二層 三層 見其他登記事項,全筆移轉
RPPNMLSKMHHGFFP76DA,,229.46,住宅,ＲＣ造,111年1月28日,三層,陽台 見其他登記事項,全筆移轉
RPPNMLRKMHHGFDP09DA,,232.62,停車空間、店舖、住宅、樓梯間,鋼筋混凝土造,111年1月6日,三層,一層 二層 三層 陽台 見其他登記事項,全筆移轉
RPQNMLSLMHHGFCP66DA,46,170.50,騎樓、住宅,加強磚造,64年7月15日,三層,陽台 騎樓 見其他登記事項,全筆移轉
RPQNMLNKNHHGFBP68DA,,308.62,住宅、樓梯間,鋼筋混凝土造,110年12月6日,四層,一層 二層 三層 四層 陽台 見其他登記事項,全筆移轉
RPWNMLPKNHHGFDP07DA,,182.92,住宅、停車空間、樓梯間,鋼筋混凝土造,110年12月26日,三層,一層 二層 三層 陽台 見其他登記事項,全筆移轉
RPSOMLMKNHHGFAP78DA,1,287.50,住宅、停車空間、樓梯間,鋼筋混凝土造,110年6月1日,四層,一層 二層 三層 四層 陽台 見其他登記事項,全筆移轉
RPSOMLQKNHHGFAP56DA,19,1392.31,工業用,鋼骨造,91年12月20日,一層,一層,全筆移轉
RPSOMLQKNHHGFAP56DA,18,1586.11,廠房、工廠,鋼骨造,92年11月7日,一層,一層,全筆移轉
RPVOMLLJLHHGFAP68DA,,75.85,集合住宅,鋼筋混凝土造,110年6月10日,七層,四層 陽台,全筆移轉
RPVOMLLJLHHGFAP68DA,,36.67,停車空間、管理委員會空間、樓梯間、走廊、車道、機械式、水箱,鋼筋混凝土造,110年6月10日,七層,,持分移轉
RPXPMLLJLHHGFAP98DA,,75.60,集合住宅,鋼筋混凝土造,110年6月10日,七層,七層 陽台,全筆移轉
RPXPMLLJLHHGFAP98DA,,36.67,停車空間、管理委員會空間、樓梯間、走廊、車道、機械式、水箱,鋼筋混凝土造,110年6月10日,七層,,持分移轉
RPWNMLLJLHHGFAP68DA,6,347.82,住商用,鋼骨造有牆,104年8月12日,二層,一層 二層,全筆移轉
RPUNMLOLLHHGFBP56EA,49,50.05,住商用,加強磚造,62年3月15日,一層,一層,持分移轉
RPUNMLOLLHHGFBP56EA,48,126.19,工業用,磚造,62年7月15日,一層,一層,持分移轉
RPQNMLNLKIGGFBP48DA,,245.58,住宅、停車空間,鋼筋混凝土造,110年9月1日,四層,一層 二層 三層 四層 陽台,全筆移轉
RPVNMLSKLHHGFFP27DA,15,326.69,農舍,加強磚造,95年9月14日,一層,一層,全筆移轉
RPTNMLRJMHHGFAP56EA,21,10138.52,飼料調配室、倉儲設施、雞舍、堆肥舍、管理室,加強磚、磚木、鋼架有壁、鋼架無壁造,89年8月21日,二層,一層 二層 屋頂突出物 見其他登記事項,全筆移轉
RPVNMLOKMHHGFCP66DA,,165.11,住家用,鋼筋混凝土造,111年1月24日,三層,一層 二層 三層 陽台,全筆移轉
RPSOMLLLMHHGFCP88DA,,166.43,住家用,鋼筋混凝土造,111年1月24日,三層,一層 二層 三層 陽台,全筆移轉
RPPNMLLLMHHGFDP58DA,57,73.00,住家用,木石磚造（磚石造）,54年2月15日,一層,一層,全筆移轉
RPPOMLTKMHHGFDP76DA,,227.89,停車空間、店舖、住宅、樓梯間,鋼筋混凝土造,111年1月6日,三層,一層 二層 三層 陽台 見其他登記事項,全筆移轉
RPVOMLPKMHHGFDP96DA,,227.89,停車空間、店舖、住宅、樓梯間,鋼筋混凝土造,111年1月6日,三層,一層 二層 三層 陽台 見其他登記事項,全筆移轉
RPQNMLSJNHHGFDP66DA,,179.82,住宅、停車空間、樓梯間,鋼筋混凝土造,110年12月26日,三層,一層 二層 三層 陽台 見其他登記事項,全筆移轉
RPWNMLKKNHHGFCP09DA,,156.59,住家用,鋼筋混凝土造,110年12月24日,三層,一層 二層 三層 陽台,全筆移轉
RPWNMLKKNHHGFAP88DA,54,93.20,住家用,加強磚造,57年1月30日,一層,一層 騎樓,全筆移轉
RPROMLKKNHHGFCP68DA,,156.59,住家用,鋼筋混凝土造,110年12月24日,三層,一層 二層 三層 陽台,全筆移轉
RPQNMLRKNHHGFDP66DA,,138.91,住家用,鋼筋混凝土造,111年1月14日,二層,一層 二層 陽台,全筆移轉
RPTOMLKKNHHGFCP88DA,,159.03,住家用,鋼筋混凝土造,110年12月24日,三層,一層 二層 三層 陽台,全筆移轉
RPQPMLOLNHHGFDP66DA,,183.16,住宅、樓梯間,鋼筋混凝土造,111年2月16日,三層,一層 二層 三層 陽台 屋頂突出物,全筆移轉
RPWNMLMLNHHGFDP86DA,,40.86,集合住宅,鋼筋混凝土造,111年2月10日,五層,二層 陽台,全筆移轉
RPWNMLMLNHHGFDP86DA,,14.64,本共有部分之項目有停車空間、昇降梯、安全梯、梯廳及機械室等５項,鋼筋混凝土造,111年2月10日,五層,,持分移轉
RPUQMLOLNHHGFDP17DA,,185.50,住宅、樓梯間,鋼筋混凝土造,111年2月16日,三層,一層 二層 三層 陽台 屋頂突出物,全筆移轉
RPSPMLLJLHHGFAP48DA,,75.85,集合住宅,鋼筋混凝土造,110年6月10日,七層,六層 陽台,全筆移轉
RPSPMLLJLHHGFAP48DA,,60.48,停車空間、管理委員會空間、樓梯間、走廊、車道、機械式、水箱,鋼筋混凝土造,110年6月10日,七層,,持分移轉
RPUNMLLLMHHGFAP78DA,,287.50,住宅、樓梯間,鋼筋混凝土造,110年6月1日,四層,一層 二層 三層 四層 陽台 見其他登記事項,全筆移轉
RPUOMLTLLHHGFDP27DA,22,202.48,住商用,鋼筋混凝土造,89年1月24日,四層,一層 二層 三層 四層 陽台 騎樓,全筆移轉
RPOOMLNLLHHGFAP48EA,85,268.71,商業用,加強磚造,25年12月6日,二層,一層 二層 騎樓,全筆移轉
RPPNMLSJMHHGFAP78DA,47,98.48,住家用,磚造,64年3月1日,一層,一層 騎樓,全筆移轉
RPROMLLKMHHGFDP88EA,,177.71,住家用,鋼筋混凝土造,110年8月26日,三層,一層 二層 三層 陽台,全筆移轉
RPSNMLTKMHHGFDP07EA,,188.25,住宅、停車空間、樓梯間,鋼筋混凝土造,111年1月24日,三層,一層 二層 三層 陽台 見其他登記事項,全筆移轉
RPVNMLLJMHHGFAP68DA,1,266.81,住商用,鋼筋混凝土造,110年4月27日,四層,一層 二層 三層 四層 陽台,全筆移轉
RPPNMLLLMHHGFBP48EA,,292.01,住宅、樓梯間,鋼筋混凝土造,110年8月27日,三層,一層 二層 三層 陽台 見其他登記事項,全筆移轉
RPOPMLPKMHHGFDP98DA,,202.59,住宅、樓梯間,鋼筋混凝土造,111年1月6日,三層,一層 二層 三層 陽台 見其他登記事項,全筆移轉
RPRPMLPKMHHGFDP66DA,,200.63,停車空間、住宅、樓梯間,鋼筋混凝土造,111年1月6日,三層,一層 二層 三層 陽台 見其他登記事項,全筆移轉
RPXNMLMLMHHGFAP66EA,39,76.90,住家用,加強磚造,71年8月2日,二層,一層 二層,全筆移轉
RPPNMLMLMHHGFFP88DA,31,222.92,住家用,加強磚造,79年10月14日,二層,一層 二層 電梯樓梯間,全筆移轉
RPRNMLPLMHHGFDP66EA,,177.78,住宅、停車空間、樓梯間,鋼筋混凝土造,111年1月24日,三層,一層 二層 三層 陽台 見其他登記事項,全筆移轉
RPTNMLSJNHHGFDP96DA,,178.37,住宅、停車空間、樓梯間,鋼筋混凝土造,110年12月26日,三層,一層 二層 三層 陽台 見其他登記事項,全筆移轉
RPOOMLMKMHHGFAP28DA,,49.91,集合住宅,鋼筋混凝土造,110年5月20日,五層,四層 陽台,全筆移轉
RPOOMLMKMHHGFAP28DA,,28.41,梯廳、樓梯間＋電梯預留孔,鋼筋混凝土造,110年5月20日,五層,,持分移轉
RPOOMLMKMHHGFAP28DA,,21.82,停車空間,鋼筋混凝土造,110年5月20日,五層,,持分移轉
RPXNMLMKMHHGFAP09DA,,49.91,集合住宅,鋼筋混凝土造,110年5月20日,五層,三層 陽台,全筆移轉
RPXNMLMKMHHGFAP09DA,,28.41,梯廳、樓梯間＋電梯預留孔,鋼筋混凝土造,110年5月20日,五層,,持分移轉
RPSNMLPJNHHGFCP09DA,,166.97,住家用,鋼筋混凝土造,111年1月24日,三層,一層 二層 三層 陽台,全筆移轉
RPPNMLMKNHHGFCP58DA,,181.45,住宅、樓梯間,鋼筋混凝土造,111年1月24日,三層,一層 二層 三層 陽台 見其他登記事項,全筆移轉
RPQNMLMKNHHGFCP68DA,,166.73,住家用,鋼筋混凝土造,111年1月24日,三層,一層 二層 三層 陽台,全筆移轉
RPQNMLRLMHHGFAP98DA,,49.91,集合住宅,鋼筋混凝土造,110年5月20日,五層,五層 陽台,全筆移轉
RPQNMLRLMHHGFAP98DA,,28.41,梯廳、樓梯間＋電梯預留孔,鋼筋混凝土造,110年5月20日,五層,,持分移轉
RPQNMLRLMHHGFAP98DA,,21.82,停車空間,鋼筋混凝土造,110年5月20日,五層,,持分移轉
RPPNMLOLNHHGFDP98DA,,185.50,住宅、樓梯間,鋼筋混凝土造,111年2月16日,三層,一層 二層 三層 陽台 屋頂突出物,全筆移轉
RPTPMLOLNHHGFDP96DA,,183.16,住宅、樓梯間,鋼筋混凝土造,111年2月16日,三層,一層 二層 三層 陽台 屋頂突出物,全筆移轉
RPSPMLOJOHHGFDP76DA,,138.15,住家用,鋼筋混凝土造,111年1月14日,二層,一層 二層 陽台,全筆移轉
RPRQMLOLNHHGFDP86DA,,183.76,住宅、樓梯間,鋼筋混凝土造,111年2月16日,三層,一層 二層 三層 陽台 屋頂突出物,全筆移轉
RPOOMLKKKHHGFAP87DA,,158.22,住宅、樓梯間,鋼筋混凝土造,110年9月24日,四層,一層 二層 三層 四層 陽台,全筆移轉
RPVPMLOLNHHGFDP17DA,,183.16,住宅、樓梯間,鋼筋混凝土造,111年2月16日,三層,一層 二層 三層 陽台 屋頂突出物,全筆移轉
RPTPMLLJLHHGFAP58DA,,77.51,集合住宅,鋼筋混凝土造,110年6月10日,七層,六層 陽台,全筆移轉
RPTPMLLJLHHGFAP58DA,,60.48,停車空間、管理委員會空間、樓梯間、走廊、車道、機械式、水箱,鋼筋混凝土造,110年6月10日,七層,,持分移轉
RPSNMLPKLHHGFAP78DA,,216.60,住宅、樓梯間,鋼筋混凝土造,110年5月25日,三層,一層 二層 三層 陽台 見其他登記事項,全筆移轉
RPTOMLLKMHHGFDP09EA,,177.71,住家用,鋼筋混凝土造,110年8月26日,三層,一層 二層 三層 陽台,全筆移轉
RPQOMLPKMHHGFDP09DA,,233.29,停車空間、店舖、住宅、樓梯間,鋼筋混凝土造,111年1月6日,三層,一層 二層 三層 陽台 見其他登記事項,全筆移轉
RPRNMLPJNHHGFCP98DA,,166.73,住家用,鋼筋混凝土造,111年1月24日,三層,一層 二層 三層 陽台,全筆移轉
RPVOMLLLMHHGFCP56DA,,166.97,住家用,鋼筋混凝土造,111年1月24日,三層,一層 二層 三層 陽台,全筆移轉
RPXNMLLLMHHGFAP09DA,,287.50,住宅、樓梯間,鋼筋混凝土造,110年6月1日,四層,一層 二層 三層 四層 陽台 見其他登記事項,全筆移轉
RPRNMLSJNHHGFDP76DA,,177.18,住宅、停車空間、樓梯間,鋼筋混凝土造,110年12月26日,三層,一層 二層 三層 陽台 見其他登記事項,全筆移轉
RPSPMLPKMHHGFDP76DA,,218.02,住宅、樓梯間,鋼筋混凝土造,111年1月6日,三層,一層 二層 三層 陽台 見其他登記事項,全筆移轉
RPWNMLSJNHHGFDP27DA,,178.74,住宅、停車空間、樓梯間,鋼筋混凝土造,110年12月26日,三層,一層 二層 三層 陽台 見其他登記事項,全筆移轉
RPXNMLKKNHHGFCP56DA,,156.59,住家用,鋼筋混凝土造,110年12月24日,三層,一層 二層 三層 陽台,全筆移轉
RPQOMLKKNHHGFCP58DA,,156.59,住家用,鋼筋混凝土造,110年12月24日,三層,一層 二層 三層 陽台,全筆移轉
RPQNMLQJNHHGFBP88DA,,144.55,住家用,鋼筋混凝土造,111年3月1日,三層,一層 二層 三層 陽台,全筆移轉
RPSPMLOLNHHGFDP86DA,,193.66,住宅、樓梯間,鋼筋混凝土造,111年2月16日,三層,一層 二層 三層 陽台 屋頂突出物,全筆移轉
RPUNMLPLNHHGFBP76DA,,170.21,住家用,鋼筋混凝土造,111年3月1日,三層,一層 二層 三層 陽台,全筆移轉
RPXNMLKKLHHGFAP78DA,46,711.36,倉庫,磚造鋼造水泥瓦房,64年5月12日,一層,一層,全筆移轉
RPXNMLKKLHHGFAP78DA,46,989.47,製造廠,磚造鋼架水泥瓦房,64年5月12日,一層,一層 見其他登記事項,全筆移轉
RPTNMLSJLHHGFDP76DA,2,9.16,集合住宅,鋼筋混凝土造,108年4月9日,七層,七層 陽台,全筆移轉
RPXNMLKKLHHGFAP78DA,44,451.44,置物室,鋼造,67年2月15日,一層,一層,全筆移轉
RPTNMLSJLHHGFDP76DA,2,4.02,本共有部分之項目有梯廳、安全梯ＡＢ、升降機、管道間、電信室、走廊、電梯、各戶管道間、升降機房、水箱等１０項,鋼筋混凝土造,108年4月9日,七層,,持分移轉
RPXNMLKKLHHGFAP78DA,44,451.44,置物室,鋼造,67年2月15日,一層,一層,全筆移轉
RPTNMLSJLHHGFDP76DA,2,.38,本共有部分之項目有防空避難室機房升降機停車、緊急發電機室、消防機房、停車空間等４項,鋼筋混凝土造,108年4月9日,七層,,持分移轉
RPWNMLSLLHHGFCP17DA,,159.54,住家用,鋼筋混凝土造,111年1月24日,三層,一層 二層 三層 陽台,全筆移轉
RPOOMLSLLHHGFCP09DA,,166.97,住家用,鋼筋混凝土造,111年1月24日,三層,一層 二層 三層 陽台,全筆移轉
RPTNMLSLLHHGFCP86DA,,166.97,住家用,鋼筋混凝土造,111年1月24日,三層,一層 二層 三層 陽台,全筆移轉
RPXNMLLMLHHGFAP09DA,49,139.23,住家用,木石磚造（磚石造）,62年1月1日,一層,一層,全筆移轉
RPXNMLLMLHHGFAP09DA,49,93.60,住家用,木石磚造（磚石造）,62年1月1日,一層,一層,全筆移轉
RPTNMLTKMHHGFDP17EA,,199.94,住宅、樓梯間,鋼筋混凝土造,111年1月24日,三層,一層 二層 三層 陽台 見其他登記事項,全筆移轉
RPOQMLOLNHHGFDP56DA,,183.16,住宅、樓梯間,鋼筋混凝土造,111年2月16日,三層,一層 二層 三層 陽台 屋頂突出物,全筆移轉
RPXOMLOKLHHGFDP96DA,,187.70,住家用,鋼筋混凝土造,110年11月4日,三層,一層 二層 三層 陽台,全筆移轉
RPXOMLOLLHHGFAP76DA,,180.50,住宅、樓梯間,鋼筋混凝土造,110年5月25日,三層,一層 二層 三層 陽台 見其他登記事項,全筆移轉
RPPNMLMKMHHGFDP58DA,10,213.44,住家用,鋼筋混凝土造,100年6月7日,三層,一層 二層 三層 陽台,全筆移轉
RPUNMLSJNHHGFDP07DA,,177.20,住宅、樓梯間,鋼筋混凝土造,110年12月26日,三層,一層 二層 三層 陽台 見其他登記事項,全筆移轉
RPPOMLKKNHHGFCP48DA,,166.56,住家用,鋼筋混凝土造,110年12月24日,三層,一層 二層 三層 陽台,全筆移轉
RPUNMLKKNHHGFCP88DA,,166.88,住家用,鋼筋混凝土造,110年12月24日,三層,一層 二層 三層 陽台,全筆移轉
RPVNMLKKNHHGFCP98DA,,156.59,住家用,鋼筋混凝土造,110年12月24日,三層,一層 二層 三層 陽台,全筆移轉
RPPQMLOLNHHGFDP66DA,,183.76,住宅、樓梯間,鋼筋混凝土造,111年2月16日,三層,一層 二層 三層 陽台 屋頂突出物,全筆移轉
RPWNMLLLMHHGFCP56DA,,166.73,住家用,鋼筋混凝土造,111年1月24日,三層,一層 二層 三層 陽台,全筆移轉
RPOQMLKLJHHGFDP38DA,,181.68,住家用,鋼筋混凝土造,110年12月22日,三層,一層 二層 三層 陽台,全筆移轉
RPSQMLOLNHHGFDP96DA,,183.16,住宅、樓梯間,鋼筋混凝土造,111年2月16日,三層,一層 二層 三層 陽台 屋頂突出物,全筆移轉
RPQOMLOLNHHGFDP56DA,,183.16,住宅、樓梯間,鋼筋混凝土造,111年2月16日,三層,一層 二層 三層 陽台 屋頂突出物,全筆移轉
RPOPMLPLLHHGFAP68DA,,59.21,集合住宅,鋼筋混凝土造,110年7月5日,七層,六層 陽台,全筆移轉
RPOPMLPLLHHGFAP68DA,,24.50,停車空間兼防空避難室、梯廳、台電配電室、機房、管委會空間、門廊、騎樓、梯間,鋼筋混凝土造,110年7月5日,七層,,持分移轉
RPXOMLPLLHHGFAP86DA,,79.55,集合住宅,鋼筋混凝土造,110年7月5日,七層,五層 陽台,全筆移轉
RPXOMLPLLHHGFAP86DA,,60.30,停車空間兼防空避難室、梯廳、台電配電室、機房、管委會空間、門廊、騎樓、梯間,鋼筋混凝土造,110年7月5日,七層,,持分移轉
RPOOMLSKMHHGFAP88DA,,78.86,集合住宅,鋼筋混凝土造,110年7月5日,七層,七層 陽台,全筆移轉
RPOOMLSKMHHGFAP88DA,,64.69,停車空間兼防空避難室、梯廳、台電配電室、機房、管委會空間、門廊、騎樓、梯間,鋼筋混凝土造,110年7月5日,七層,,持分移轉
RPPPMLPLLHHGFAP78DA,,59.21,集合住宅,鋼筋混凝土造,110年7月5日,七層,四層 陽台,全筆移轉
RPTNMLSKMHHGFAP66DA,,82.71,集合住宅,鋼筋混凝土造,110年7月5日,七層,五層 陽台,全筆移轉
RPTNMLSKMHHGFAP66DA,,66.42,停車空間兼防空避難室、梯廳、台電配電室、機房、管委會空間、門廊、騎樓、梯間,鋼筋混凝土造,110年7月5日,七層,,持分移轉
RPPPMLPLLHHGFAP78DA,,24.50,停車空間兼防空避難室、梯廳、台電配電室、機房、管委會空間、門廊、騎樓、梯間,鋼筋混凝土造,110年7月5日,七層,,持分移轉
RPQOMLSKMHHGFAP09DA,,56.58,集合住宅,鋼筋混凝土造,110年7月5日,七層,六層,全筆移轉
RPQOMLSKMHHGFAP09DA,,55.59,停車空間兼防空避難室、梯廳、台電配電室、機房、管委會空間、門廊、騎樓、梯間,鋼筋混凝土造,110年7月5日,七層,,持分移轉
RPSOMLSKMHHGFAP66DA,,70.39,集合住宅,鋼筋混凝土造,110年7月5日,七層,四層 陽台,全筆移轉
RPSOMLSKMHHGFAP66DA,,61.55,停車空間兼防空避難室、梯廳、台電配電室、機房、管委會空間、門廊、騎樓、梯間,鋼筋混凝土造,110年7月5日,七層,,持分移轉
RPVNMLSKMHHGFAP86DA,,59.21,集合住宅,鋼筋混凝土造,110年7月5日,七層,三層 陽台,全筆移轉
RPVNMLSKMHHGFAP86DA,,24.50,停車空間兼防空避難室、梯廳、台電配電室、機房、管委會空間、門廊、騎樓、梯間,鋼筋混凝土造,110年7月5日,七層,,持分移轉
RPWNMLSKMHHGFAP96DA,,56.58,集合住宅,鋼筋混凝土造,110年7月5日,七層,三層,全筆移轉
RPVNMLLLMHHGFCP09DA,,166.73,住家用,鋼筋混凝土造,111年1月24日,三層,一層 二層 三層 陽台,全筆移轉
RPWNMLSKMHHGFAP96DA,,23.24,停車空間兼防空避難室、梯廳、台電配電室、機房、管委會空間、門廊、騎樓、梯間,鋼筋混凝土造,110年7月5日,七層,,持分移轉
RPRNMLTLMHHGFDP96DA,,241.45,住宅、樓梯間,鋼筋混凝土造,111年2月17日,三層,一層 二層 三層 陽台 見其他登記事項,全筆移轉
RPUNMLPJNHHGFAP09DA,,67.83,店鋪、停車空間、門廊、騎樓,鋼筋混凝土造,110年7月5日,七層,一層 騎樓,全筆移轉
RPUNMLPJNHHGFAP09DA,,28.74,停車空間兼防空避難室、梯廳、台電配電室、機房、管委會空間、門廊、騎樓、梯間,鋼筋混凝土造,110年7月5日,七層,,持分移轉
RPSNMLLLMHHGFAP58DA,,287.50,住宅、樓梯間,鋼筋混凝土造,110年6月1日,四層,一層 二層 三層 四層 陽台 見其他登記事項,全筆移轉
RPQNMLMKNHHGFAP48DA,,59.21,集合住宅,鋼筋混凝土造,110年7月5日,七層,二層 陽台,全筆移轉
RPQNMLMKNHHGFAP48DA,,24.50,停車空間兼防空避難室、梯廳、台電配電室、機房、管委會空間、門廊、騎樓、梯間,鋼筋混凝土造,110年7月5日,七層,,持分移轉
RPTOMLNKNHHGFAP98DA,,80.82,集合住宅,鋼筋混凝土造,110年7月5日,七層,四層 陽台,全筆移轉
RPTOMLNKNHHGFAP98DA,,65.64,停車空間兼防空避難室、梯廳、台電配電室、機房、管委會空間、門廊、騎樓、梯間,鋼筋混凝土造,110年7月5日,七層,,持分移轉
RPRNMLMKNHHGFAP58DA,,69.63,集合住宅,鋼筋混凝土造,110年7月5日,七層,五層 陽台,全筆移轉
RPRNMLMKNHHGFAP58DA,,61.24,停車空間兼防空避難室、梯廳、台電配電室、機房、管委會空間、門廊、騎樓、梯間,鋼筋混凝土造,110年7月5日,七層,,持分移轉
RPTNMLMKNHHGFAP78DA,,78.55,集合住宅,鋼筋混凝土造,110年7月5日,七層,七層 陽台,全筆移轉
RPTNMLMKNHHGFAP78DA,,59.83,停車空間兼防空避難室、梯廳、台電配電室、機房、管委會空間、門廊、騎樓、梯間,鋼筋混凝土造,110年7月5日,七層,,持分移轉
RPSNMLMKNHHGFAP68DA,,59.21,集合住宅,鋼筋混凝土造,110年7月5日,七層,五層 陽台,全筆移轉
RPSNMLMKNHHGFAP68DA,,24.50,停車空間兼防空避難室、梯廳、台電配電室、機房、管委會空間、門廊、騎樓、梯間,鋼筋混凝土造,110年7月5日,七層,,持分移轉
RPRNMLQKNHHGFAP98DA,,69.63,集合住宅,鋼筋混凝土造,110年7月5日,七層,三層 陽台,全筆移轉
RPRNMLQKNHHGFAP98DA,,61.24,停車空間兼防空避難室、梯廳、台電配電室、機房、管委會空間、門廊、騎樓、梯間,鋼筋混凝土造,110年7月5日,七層,,持分移轉
RPQNMLQKNHHGFAP88DA,,82.71,集合住宅,鋼筋混凝土造,110年7月5日,七層,三層 陽台,全筆移轉
RPQNMLQKNHHGFAP88DA,,66.42,停車空間兼防空避難室、梯廳、台電配電室、機房、管委會空間、門廊、騎樓、梯間,鋼筋混凝土造,110年7月5日,七層,,持分移轉
RPPNMLMLNHHGFDP78DA,,61.96,集合住宅,鋼筋混凝土造,111年2月10日,五層,五層 陽台,全筆移轉
RPPNMLMLNHHGFDP78DA,,42.27,本共有部分之項目有停車空間、昇降梯、安全梯、梯廳及機械室等５項,鋼筋混凝土造,111年2月10日,五層,,持分移轉
RPTNMLQKNHHGFAP56DA,,69.63,集合住宅,鋼筋混凝土造,110年7月5日,七層,七層 陽台,全筆移轉
RPTNMLQKNHHGFAP56DA,,61.24,停車空間兼防空避難室、梯廳、台電配電室、機房、管委會空間、門廊、騎樓、梯間,鋼筋混凝土造,110年7月5日,七層,,持分移轉
RPQNMLKLNHHGFAP38DA,,72.70,店鋪、停車空間、門廊、騎樓,鋼筋混凝土造,110年7月5日,七層,一層 騎樓,全筆移轉
RPQNMLKLNHHGFAP38DA,,30.15,停車空間兼防空避難室、梯廳、台電配電室、機房、管委會空間、門廊、騎樓、梯間,鋼筋混凝土造,110年7月5日,七層,,持分移轉
RPRNMLKLNHHGFAP48DA,,56.58,集合住宅,鋼筋混凝土造,110年7月5日,七層,四層,全筆移轉
RPRNMLKLNHHGFAP48DA,,23.24,停車空間兼防空避難室、梯廳、台電配電室、機房、管委會空間、門廊、騎樓、梯間,鋼筋混凝土造,110年7月5日,七層,,持分移轉
RPSNMLKLNHHGFAP58DA,,70.39,集合住宅,鋼筋混凝土造,110年7月5日,七層,六層 陽台,全筆移轉
RPSNMLKLNHHGFAP58DA,,61.55,停車空間兼防空避難室、梯廳、台電配電室、機房、管委會空間、門廊、騎樓、梯間,鋼筋混凝土造,110年7月5日,七層,,持分移轉
RPPOMLKLNHHGFAP38DA,,80.31,集合住宅,鋼筋混凝土造,110年7月5日,七層,六層 陽台,全筆移轉
RPPOMLKLNHHGFAP38DA,,65.64,停車空間兼防空避難室、梯廳、台電配電室、機房、管委會空間、門廊、騎樓、梯間,鋼筋混凝土造,110年7月5日,七層,,持分移轉
RPQNMLMJOHHGFAP48DA,,79.55,集合住宅,鋼筋混凝土造,110年7月5日,七層,三層 陽台,全筆移轉
RPQPMLOLNHHGFAP98DA,,296.55,住宅、樓梯間,鋼筋混凝土造,111年3月16日,四層,一層 二層 三層 四層 陽台 屋頂突出物,全筆移轉
RPQNMLMJOHHGFAP48DA,,65.32,停車空間兼防空避難室、梯廳、台電配電室、機房、管委會空間、門廊、騎樓、梯間,鋼筋混凝土造,110年7月5日,七層,,持分移轉
RPWOMLKLNHHGFAP09DA,,80.31,集合住宅,鋼筋混凝土造,110年7月5日,七層,四層 陽台,全筆移轉
RPWOMLKLNHHGFAP09DA,,65.64,停車空間兼防空避難室、梯廳、台電配電室、機房、管委會空間、門廊、騎樓、梯間,鋼筋混凝土造,110年7月5日,七層,,持分移轉
RPPNMLNLNHHGFAP58DA,,80.82,集合住宅,鋼筋混凝土造,110年7月5日,七層,六層 陽台,全筆移轉
RPPNMLNLNHHGFAP58DA,,65.64,停車空間兼防空避難室、梯廳、台電配電室、機房、管委會空間、門廊、騎樓、梯間,鋼筋混凝土造,110年7月5日,七層,,持分移轉
RPSNMLMJOHHGFAP68DA,,69.63,集合住宅,鋼筋混凝土造,110年7月5日,七層,二層 陽台,全筆移轉
RPSNMLMJOHHGFAP68DA,,28.89,停車空間兼防空避難室、梯廳、台電配電室、機房、管委會空間、門廊、騎樓、梯間,鋼筋混凝土造,110年7月5日,七層,,持分移轉
RPWNMLPKLHHGFAP66EA,,159.24,騎樓、店舖、住宅,鋼筋混凝土造,110年11月13日,三層,一層 二層 陽台 騎樓,全筆移轉
RPWNMLPKLHHGFAP66EA,,48.05,樓梯間,鋼筋混凝土造,110年11月13日,三層,,持分移轉
RPTNMLMJOHHGFAP78DA,,79.55,集合住宅,鋼筋混凝土造,110年7月5日,七層,二層 陽台,全筆移轉
RPTNMLMJOHHGFAP78DA,,65.32,停車空間兼防空避難室、梯廳、台電配電室、機房、管委會空間、門廊、騎樓、梯間,鋼筋混凝土造,110年7月5日,七層,,持分移轉
RPQOMLMJLHHGFAP28DA,,38.36,集合住宅,鋼筋混凝土造,110年6月10日,七層,五層 陽台,全筆移轉
RPQOMLMJLHHGFAP28DA,,42.15,停車空間、管理委員會空間、樓梯間、走廊、車道、機械式、水箱,鋼筋混凝土造,110年6月10日,七層,,持分移轉
RPOOMLPKMHHGFDP98EA,,188.67,住家用,鋼筋混凝土造,110年8月26日,三層,一層 二層 三層 陽台,全筆移轉
RPVNMLTLMHHGFDP47EA,,204.35,住宅、樓梯間,鋼筋混凝土造,111年1月24日,三層,一層 二層 三層 陽台 見其他登記事項,全筆移轉
RPOOMLOLNHHGFDP98DA,,183.76,住宅、樓梯間,鋼筋混凝土造,111年2月16日,三層,一層 二層 三層 陽台 屋頂突出物,全筆移轉
RPPNMLRLNHHGFAP98DA,41,117.00,住商用,加強磚造,69年5月31日,二層,一層 二層 陽台 騎樓,全筆移轉
RPTNMLQLNHHGFAP76EA,,48.83,集合住宅,鋼筋混凝土造,111年2月18日,五層,四層 陽台,全筆移轉
RPPPMLLJLHHGFAP18DA,,75.85,集合住宅,鋼筋混凝土造,110年6月10日,七層,五層 陽台,全筆移轉
RPUNMLSLLHHGFCP96DA,,159.54,住家用,鋼筋混凝土造,111年1月24日,三層,一層 二層 三層 陽台,全筆移轉
RPPPMLLJLHHGFAP18DA,,60.48,停車空間、管理委員會空間、樓梯間、走廊、車道、機械式、水箱,鋼筋混凝土造,110年6月10日,七層,,持分移轉
RPTNMLQLNHHGFAP76EA,,24.89,梯廳、樓梯間、機電設備、消防機電設備、無障礙電梯、防空避難室、停車空間、機電設備空間、機房空間、公共空間、無障礙廁所,鋼筋混凝土造,111年2月18日,五層,,持分移轉
RPTQMLOLNHHGFDP07DA,,183.76,住宅、樓梯間,鋼筋混凝土造,111年2月16日,三層,一層 二層 三層 陽台 屋頂突出物,全筆移轉
RPVNMLOKMHHGFFP96DA,,230.99,住宅,ＲＣ造,111年1月28日,三層,陽台 見其他登記事項,全筆移轉
RPRNMLNKMHHGFDP88DA,,198.41,住宅、停車空間,鋼筋混凝土造,111年1月6日,四層,一層 二層 三層 四層 陽台,全筆移轉
RPSNMLOKMHHGFCP98DA,,191.42,住宅、樓梯間,鋼筋混凝土造,111年1月24日,三層,一層 二層 三層 陽台 見其他登記事項,全筆移轉
RPOOMLLLMHHGFCP48DA,,173.68,住家用,鋼筋混凝土造,111年1月24日,三層,一層 二層 三層 陽台,全筆移轉
RPOOMLPKNHHGFDP98DA,,182.15,住宅、停車空間、樓梯間,鋼筋混凝土造,110年12月26日,三層,一層 二層 三層 陽台 見其他登記事項,全筆移轉
RPWOMLOLNHHGFDP17DA,,183.76,住宅、樓梯間,鋼筋混凝土造,111年2月16日,三層,一層 二層 三層 陽台 屋頂突出物,全筆移轉
RPSNMLOLNHHGFAP98DA,,155.96,住家用,鋼筋混凝土造,110年11月17日,三層,一層 二層 三層 陽台,全筆移轉
RPUOMLLLMHHGFCP09DA,,175.72,住家用,鋼筋混凝土造,111年1月24日,三層,一層 二層 三層 陽台,全筆移轉
RPWNMLSLKHHGFAP86DA,,180.58,住家用,鋼筋混凝土造,110年6月30日,三層,一層 二層 三層 陽台,全筆移轉
RPPNMLMLLHHGFAP28DA,23,228.18,住家用,鋼筋混凝土造,86年9月26日,三層,一層 二層 三層 陽台 電梯樓梯間,全筆移轉
RPVNMLPKMHHGFDP96EA,,177.71,住家用,鋼筋混凝土造,110年8月26日,三層,一層 二層 三層 陽台,全筆移轉
RPPNMLOKMHHGFCP68DA,,166.73,住家用,鋼筋混凝土造,111年1月24日,三層,一層 二層 三層 陽台,全筆移轉
RPXNMLPKMHHGFDP17EA,,177.71,住家用,鋼筋混凝土造,110年8月26日,三層,一層 二層 三層 陽台,全筆移轉
RPXNMLPKNHHGFDP17DA,,185.58,住宅、停車空間、樓梯間,鋼筋混凝土造,110年12月26日,三層,一層 二層 三層 陽台 見其他登記事項,全筆移轉
RPROMLPKNHHGFDP66DA,,183.31,住宅、樓梯間,鋼筋混凝土造,110年12月26日,三層,一層 二層 三層 陽台 見其他登記事項,全筆移轉
RPQNMLOJOHHGFDP98DA,,62.19,集合住宅,鋼筋混凝土造,111年2月10日,五層,二層 陽台,全筆移轉
RPQNMLOJOHHGFDP98DA,,42.35,本共有部分之項目有停車空間、昇降梯、安全梯、梯廳及機械室等５項,鋼筋混凝土造,111年2月10日,五層,,持分移轉
RPWNMLOLNHHGFDP07DA,,183.16,住宅、樓梯間,鋼筋混凝土造,111年2月16日,三層,一層 二層 三層 陽台 屋頂突出物,全筆移轉
RPRNMLLLMHHGFAP48DA,,287.50,住宅、樓梯間,鋼筋混凝土造,110年6月1日,四層,一層 二層 三層 四層 陽台 見其他登記事項,全筆移轉
RPRNMLQJNHHGFBP98DA,,172.56,住家用,鋼筋混凝土造,111年3月1日,三層,一層 二層 三層 陽台,全筆移轉
RPVNMLPLNHHGFBP86DA,,170.21,住家用,鋼筋混凝土造,111年3月1日,三層,一層 二層 三層 陽台,全筆移轉
RPTOMLOLNHHGFDP86DA,,183.76,住宅、樓梯間,鋼筋混凝土造,111年2月16日,三層,一層 二層 三層 陽台 屋頂突出物,全筆移轉
RPSNMLOJOHHGFDP56DA,,62.19,集合住宅,鋼筋混凝土造,111年2月10日,五層,三層 陽台,全筆移轉
RPSNMLOJOHHGFDP56DA,,42.35,本共有部分之項目有停車空間、昇降梯、安全梯、梯廳及機械室等５項,鋼筋混凝土造,111年2月10日,五層,,持分移轉
RPUPMLOLNHHGFDP07DA,,183.76,住宅、樓梯間,鋼筋混凝土造,111年2月16日,三層,一層 二層 三層 陽台 屋頂突出物,全筆移轉
RPRNMLOLKHHGFCP78DA,38,158.57,騎樓、店鋪、住宅、梯間,鋼筋混凝土造,71年8月26日,二層,一層 二層 陽台 屋頂突出物 騎樓,全筆移轉
RPTNMLSLKHHGFAP56DA,,180.47,住家用,鋼筋混凝土造,110年6月30日,三層,一層 二層 三層 陽台,全筆移轉
RPQNMLLJLHHGFFP58DA,,168.59,住宅、樓梯間,ＲＣ造,110年11月11日,三層,陽台 見其他登記事項,全筆移轉
RPRNMLLJLHHGFFP68DA,,206.99,住宅、樓梯間,ＲＣ造,110年11月11日,三層,陽台 見其他登記事項,全筆移轉
RPTNMLNLLHHGFDP09DA,,187.70,住家用,鋼筋混凝土造,110年11月4日,三層,一層 二層 三層 陽台,全筆移轉
RPTNMLPJNHHGFCP56DA,,166.73,住家用,鋼筋混凝土造,111年1月24日,三層,一層 二層 三層 陽台,全筆移轉
RPUOMLOLNHHGFDP96DA,,183.16,住宅、樓梯間,鋼筋混凝土造,111年2月16日,三層,一層 二層 三層 陽台 屋頂突出物,全筆移轉
RPVNMLPKNHHGFDP96DA,,182.15,住宅、停車空間、樓梯間,鋼筋混凝土造,110年12月26日,三層,一層 二層 三層 陽台 見其他登記事項,全筆移轉
RPVNMLLMNHHGFDP76DA,,182.92,住宅、停車空間、樓梯間,鋼筋混凝土造,110年12月26日,三層,一層 二層 三層 陽台 見其他登記事項,全筆移轉
RPOOMLOKLHHGFAP38DA,,180.50,住宅、樓梯間,鋼筋混凝土造,110年5月25日,三層,一層 二層 三層 陽台 見其他登記事項,全筆移轉
RPXNMLKKLHHGFDP56EA,,206.90,住家用,鋼筋混凝土造,110年12月20日,四層,一層 二層 三層 四層 陽台,全筆移轉
RPPOMLMKMHHGFAP38DA,,228.14,住家用,鋼筋混凝土造,110年8月13日,三層,一層 二層 三層,全筆移轉
RPQNMLSKLHHGFEP66DA,,191.37,住宅、梯間,鋼筋混凝土造,110年12月14日,三層,一層 二層 三層 陽台 屋頂突出物,全筆移轉
RPSNMLOKMHHGFFP66DA,,229.46,住宅,ＲＣ造,111年1月28日,三層,陽台 見其他登記事項,全筆移轉
RPTOMLPKMHHGFDP76DA,,179.67,住宅、樓梯間,鋼筋混凝土造,111年1月6日,三層,一層 二層 三層 陽台 見其他登記事項,全筆移轉
RPQPMLPKMHHGFDP56DA,,204.72,停車空間、住宅、樓梯間,鋼筋混凝土造,111年1月6日,三層,一層 二層 三層 陽台 見其他登記事項,全筆移轉
RPXNMLTKMHHGFDP47DA,,143.99,住宅、停車空間,鋼筋混凝土造,110年6月30日,三層,一層 二層 三層 陽台,全筆移轉
RPXNMLLLMHHGFCP66DA,,166.73,住家用,鋼筋混凝土造,111年1月24日,三層,一層 二層 三層 陽台,全筆移轉
RPPOMLPKNHHGFDP09DA,,182.15,住宅、停車空間、樓梯間,鋼筋混凝土造,110年12月26日,三層,一層 二層 三層 陽台 見其他登記事項,全筆移轉
RPTNMLPKNHHGFDP76DA,,182.92,住宅、停車空間、樓梯間,鋼筋混凝土造,110年12月26日,三層,一層 二層 三層 陽台 見其他登記事項,全筆移轉
RPSNMLKLNHHGFDP88DA,,143.99,住宅、停車空間,鋼筋混凝土造,110年6月30日,三層,一層 二層 三層 陽台,全筆移轉
RPPOMLOLLHHGFAP58DA,,179.61,住宅、樓梯間,鋼筋混凝土造,110年5月25日,三層,一層 二層 三層 陽台 見其他登記事項,全筆移轉
RPROMLOLLHHGFAP78DA,,216.60,住宅、樓梯間,鋼筋混凝土造,110年5月25日,三層,一層 二層 三層 陽台 見其他登記事項,全筆移轉
RPWNMLRJMHHGFDP07DA,,176.41,住宅、停車空間、樓梯間,鋼筋混凝土造,110年12月26日,三層,一層 二層 三層 陽台 見其他登記事項,全筆移轉
RPXNMLSLLHHGFCP27DA,,191.42,住宅、樓梯間,鋼筋混凝土造,111年1月24日,三層,一層 二層 三層 陽台 見其他登記事項,全筆移轉
RPRNMLOKMHHGFCP88DA,,173.68,住家用,鋼筋混凝土造,111年1月24日,三層,一層 二層 三層 陽台,全筆移轉
RPVNMLRJMHHGFDP96DA,,198.41,住宅、停車空間,鋼筋混凝土造,111年1月6日,四層,一層 二層 三層 四層 陽台,全筆移轉
RPSNMLRJMHHGFDP66DA,,198.39,住宅、停車空間,鋼筋混凝土造,111年1月6日,四層,一層 二層 三層 四層 陽台,全筆移轉
RPPPMLPKMHHGFDP09DA,,201.72,停車空間、住宅、樓梯間,鋼筋混凝土造,111年1月6日,三層,一層 二層 三層 陽台 見其他登記事項,全筆移轉
RPSNMLSKMHHGFDP86DA,,73.40,集合住宅,鋼筋混凝土造,110年10月18日,九層,三層 陽台,全筆移轉
RPSNMLSKMHHGFDP86DA,,34.29,本共有部分之項目有電梯間、安全梯、消防機房＋發電機房、汙水機房、梯廳、防空避難室兼停車空間、電信室、台電管道間、車道、停車空間等１０項,鋼筋混凝土造,110年10月18日,九層,,持分移轉
RPSNMLSKMHHGFDP86DA,,26.70,本共有部分之項目有電梯、安全梯、管理委員會使用空間、梯廳、電梯間、走廊、造型、機械室、電梯機房等９項,鋼筋混凝土造,110年10月18日,九層,,持分移轉
RPUNMLSKMHHGFDP07DA,,59.81,集合住宅,鋼筋混凝土造,110年10月18日,九層,四層 陽台,全筆移轉
RPUNMLSKMHHGFDP07DA,,33.37,本共有部分之項目有電梯間、安全梯、消防機房＋發電機房、汙水機房、梯廳、防空避難室兼停車空間、電信室、台電管道間、車道、停車空間等１０項,鋼筋混凝土造,110年10月18日,九層,,持分移轉
RPUNMLSKMHHGFDP07DA,,21.75,本共有部分之項目有電梯、安全梯、管理委員會使用空間、梯廳、電梯間、走廊、造型、機械室、電梯機房等９項,鋼筋混凝土造,110年10月18日,九層,,持分移轉
RPRNMLMLMHHGFCP78DA,,173.68,住家用,鋼筋混凝土造,111年1月24日,三層,一層 二層 三層 陽台,全筆移轉
RPSNMLPKNHHGFDP66DA,,183.31,住宅、樓梯間,鋼筋混凝土造,110年12月26日,三層,一層 二層 三層 陽台 見其他登記事項,全筆移轉
RPROMLMKNHHGFAP68DA,,519.39,住宅、停車空間、樓梯間,鋼筋混凝土造,110年6月1日,四層,一層 二層 三層 四層 陽台 見其他登記事項,全筆移轉
RPUNMLKKNHHGFDP98DA,,142.78,住宅、停車空間,鋼筋混凝土造,110年6月30日,三層,一層 二層 三層 陽台,全筆移轉
RPVQMLOLNHHGFDP27DA,,178.09,住宅、樓梯間,鋼筋混凝土造,111年2月16日,三層,一層 二層 三層 陽台 屋頂突出物,全筆移轉
RPPOMLOLNHHGFDP09DA,,195.97,住宅、樓梯間,鋼筋混凝土造,111年2月14日,三層,一層 二層 三層 陽台 屋頂突出物,全筆移轉
RPROMLOKLHHGFAP68DA,,214.32,住宅、樓梯間,鋼筋混凝土造,110年5月25日,三層,一層 二層 三層 陽台 見其他登記事項,全筆移轉
RPVNMLSKLHHGFDP07DA,,189.93,住家用,鋼筋混凝土造,110年11月4日,三層,一層 二層 三層 陽台,全筆移轉
RPQNMLPKLHHGFDP88DA,,176.02,住家用,鋼筋混凝土造,110年11月4日,三層,一層 二層 三層 陽台,全筆移轉
RPTNMLOKMHHGFCP09DA,,166.97,住家用,鋼筋混凝土造,111年1月24日,三層,一層 二層 三層 陽台,全筆移轉
RPVOMLOLLHHGFAP56DA,,214.69,住宅、樓梯間,鋼筋混凝土造,110年5月25日,三層,一層 二層 三層 陽台 見其他登記事項,全筆移轉
RPQOMLPKNHHGFDP56DA,,182.15,住宅、停車空間、一般事務所、樓梯間,鋼筋混凝土造,110年12月26日,三層,一層 二層 三層 陽台 見其他登記事項,全筆移轉
RPXNMLOLNHHGFAP86DA,,159.59,住家用,鋼筋混凝土造,110年11月17日,三層,一層 二層 三層 陽台,全筆移轉
RPXNMLOLNHHGFDP17DA,,195.16,住宅、樓梯間,鋼筋混凝土造,111年2月14日,三層,一層 二層 三層 陽台 見其他登記事項,全筆移轉
RPPOMLOKLHHGFAP48DA,,216.60,住宅、樓梯間,鋼筋混凝土造,110年5月25日,三層,一層 二層 三層 陽台 見其他登記事項,全筆移轉
RPSNMLOKLHHGFDP98DA,,189.93,住家用,鋼筋混凝土造,110年11月4日,三層,一層 二層 三層 陽台,全筆移轉
RPOQMLLKLHHGFAP28DA,,191.06,住宅、樓梯間,鋼筋混凝土造,110年9月1日,三層,一層 二層 三層 陽台 見其他登記事項,全筆移轉
RPXNMLRJMHHGFDP17DA,,198.39,住宅、停車空間,鋼筋混凝土造,111年1月6日,四層,一層 二層 三層 四層 陽台,全筆移轉
RPUPMLKLJHHGFDP88DA,,181.68,住家用,鋼筋混凝土造,110年12月22日,三層,一層 二層 三層 陽台,全筆移轉
RPOOMLTKMHHGFDP66DA,,149.63,住宅、停車空間,鋼筋混凝土造,110年6月30日,三層,一層 二層 三層 陽台,全筆移轉
RPTNMLOKMHHGFFP76DA,,178.08,住宅,ＲＣ造,111年1月28日,三層,陽台 見其他登記事項,全筆移轉
RPOOMLNJNHHGFDP68DA,,147.06,住宅、停車空間、樓梯間,鋼筋混凝土造,111年2月17日,三層,一層 二層 三層 陽台 見其他登記事項,全筆移轉
RPVNMLOLNHHGFDP96DA,,275.38,住宅、樓梯間,鋼筋混凝土造,111年2月14日,三層,一層 二層 三層 陽台 見其他登記事項,全筆移轉
RPSNMLSLLHHGFCP76DA,,166.97,住家用,鋼筋混凝土造,111年1月24日,三層,一層 二層 三層 陽台,全筆移轉
RPWNMLPKMHHGFDP07EA,,177.71,住家用,鋼筋混凝土造,110年8月26日,三層,一層 二層 三層 陽台,全筆移轉
RPUOMLPKMHHGFDP86DA,,200.36,住宅、樓梯間,鋼筋混凝土造,111年1月6日,三層,一層 二層 三層 陽台 見其他登記事項,全筆移轉
RPPOMLLLMHHGFCP58DA,,173.68,住家用,鋼筋混凝土造,111年1月24日,三層,一層 二層 三層 陽台,全筆移轉
RPQNMLTLMHHGFDP86DA,,242.00,住宅、樓梯間,鋼筋混凝土造,111年2月17日,三層,一層 二層 三層 陽台 見其他登記事項,全筆移轉
RPWNMLOLNHHGFAP76DA,,158.53,住家用,鋼筋混凝土造,110年11月17日,三層,一層 二層 三層 陽台,全筆移轉
RPPNMLTJOHHGFDP76DA,,200.26,住宅、樓梯間,鋼筋混凝土造,111年2月14日,三層,一層 二層 三層 陽台 見其他登記事項,全筆移轉
RPVNMLSJNHHGFDP17DA,,172.31,住宅、樓梯間,鋼筋混凝土造,110年12月26日,三層,一層 二層 三層 陽台 見其他登記事項,全筆移轉
RPQOMLKLJHHGFDP38DA,,184.38,住家用,鋼筋混凝土造,110年12月22日,三層,一層 二層 三層 陽台,全筆移轉
RPWNMLKLJHHGFDP88DA,,179.80,住家用,鋼筋混凝土造,110年12月22日,三層,一層 二層 三層 陽台,全筆移轉
RPSNMLPKLHHGFDP09DA,,61.39,集合住宅,鋼筋混凝土造,110年10月18日,九層,六層 陽台,全筆移轉
RPWOMLKLJHHGFDP98DA,,184.43,住家用,鋼筋混凝土造,110年12月22日,三層,一層 二層 三層 陽台,全筆移轉
RPSNMLPKLHHGFDP09DA,,33.48,本共有部分之項目有電梯間、安全梯、消防機房＋發電機房、汙水機房、梯廳、防空避難室兼停車空間、電信室、台電管道間、車道、停車空間等１０項,鋼筋混凝土造,110年10月18日,九層,,持分移轉
RPSNMLPKLHHGFDP09DA,,22.33,本共有部分之項目有電梯、安全梯、管理委員會使用空間、梯廳、電梯間、走廊、造型、機械室、電梯機房等９項,鋼筋混凝土造,110年10月18日,九層,,持分移轉
RPVOMLKLJHHGFDP88DA,,184.43,住家用,鋼筋混凝土造,110年12月22日,三層,一層 二層 三層 陽台,全筆移轉
RPOOMLKKLHHGFDP38EA,,201.46,住家用,鋼筋混凝土造,110年12月20日,四層,一層 二層 三層 四層 陽台,全筆移轉
RPPOMLKKLHHGFDP48EA,,138.18,住宅、樓梯間,鋼筋混凝土造,110年12月20日,三層,一層 二層 三層 陽台 見其他登記事項,全筆移轉
RPQOMLKKLHHGFDP58EA,,146.49,住宅、樓梯間,鋼筋混凝土造,110年12月20日,三層,一層 二層 三層 陽台 見其他登記事項,全筆移轉
RPSOMLKLJHHGFDP58DA,,181.68,住家用,鋼筋混凝土造,110年12月22日,三層,一層 二層 三層 陽台,全筆移轉
RPUNMLRJMHHGFDP86DA,,222.10,住宅、停車空間,鋼筋混凝土造,111年1月6日,四層,一層 二層 三層 四層 陽台,全筆移轉
RPTOMLKLJHHGFDP68DA,,181.68,住家用,鋼筋混凝土造,110年12月22日,三層,一層 二層 三層 陽台,全筆移轉
RPUOMLKLJHHGFDP78DA,,181.68,住家用,鋼筋混凝土造,110年12月22日,三層,一層 二層 三層 陽台,全筆移轉
RPPOMLLKMHHGFDP68EA,,177.71,住家用,鋼筋混凝土造,110年8月26日,三層,一層 二層 三層 陽台,全筆移轉
RPXNMLLKMHHGFDP76EA,,180.72,住家用,鋼筋混凝土造,110年8月26日,三層,一層 二層 三層 陽台,全筆移轉
RPUNMLOKMHHGFCP56DA,,166.97,住家用,鋼筋混凝土造,111年1月24日,三層,一層 二層 三層 陽台,全筆移轉
RPROMLPKMHHGFDP56DA,,203.36,住宅、樓梯間,鋼筋混凝土造,111年1月6日,三層,一層 二層 三層 陽台 見其他登記事項,全筆移轉
RPSOMLPKMHHGFDP66DA,,192.68,住宅、樓梯間,鋼筋混凝土造,111年1月6日,三層,一層 二層 三層 陽台 見其他登記事項,全筆移轉
RPQNMLMLMHHGFFP98DA,,204.59,住宅、梯間,ＲＣ造,111年1月28日,三層,陽台 見其他登記事項,全筆移轉
RPWOMLPKMHHGFDP07DA,,234.25,停車空間、店舖、住宅、樓梯間,鋼筋混凝土造,111年1月6日,三層,一層 二層 三層 見其他登記事項,全筆移轉
RPUNMLLLMHHGFCP98DA,,227.88,住宅、樓梯間,鋼筋混凝土造,111年1月24日,三層,一層 二層 三層 陽台 見其他登記事項,全筆移轉
RPUNMLPKNHHGFDP86DA,,182.92,住宅、停車空間、樓梯間,鋼筋混凝土造,110年12月26日,三層,一層 二層 三層 陽台 見其他登記事項,全筆移轉
RPVNMLRLMHHGFDP17DA,,196.37,住家用,鋼筋混凝土造,111年1月14日,三層,一層 二層 三層 陽台,全筆移轉
RPVNMLRKLHHGFDP96DA,,201.58,住宅、停車空間,鋼筋混凝土造,111年1月6日,四層,一層 二層 三層 四層 陽台,全筆移轉
RPPNMLRKLHHGFDP09EA,,160.32,住家用,鋼筋混凝土造,110年12月20日,三層,一層 二層 三層 陽台,全筆移轉
RPQPMLKLJHHGFDP48DA,,181.68,住家用,鋼筋混凝土造,110年12月22日,三層,一層 二層 三層 陽台,全筆移轉
RPQNMLRKLHHGFDP56EA,,162.43,住家用,鋼筋混凝土造,110年12月20日,三層,一層 二層 三層 陽台,全筆移轉
RPTPMLKLJHHGFDP78DA,,181.68,住家用,鋼筋混凝土造,110年12月22日,三層,一層 二層 三層 陽台,全筆移轉
RPVNMLSLLHHGFCP07DA,,208.14,住宅、樓梯間,鋼筋混凝土造,111年1月24日,三層,一層 二層 三層 陽台 見其他登記事項,全筆移轉
RPVNMLKLJHHGFDP78DA,,179.80,住家用,鋼筋混凝土造,110年12月22日,三層,一層 二層 三層 陽台,全筆移轉
RPUNMLOKMHHGFFP86DA,,189.33,住宅,ＲＣ造,111年1月28日,三層,陽台 見其他登記事項,全筆移轉
RPSNMLMLNHHGFDP09DA,,40.86,集合住宅,鋼筋混凝土造,111年2月10日,五層,二層 陽台,全筆移轉
RPSNMLMLNHHGFDP09DA,,14.64,本共有部分之項目有停車空間、昇降梯、安全梯、梯廳及機械室等５項,鋼筋混凝土造,111年2月10日,五層,,持分移轉
RPPNMLMJNHHGFDP58DA,,236.11,住宅、樓梯間,鋼筋混凝土造,110年6月30日,三層,一層 二層 三層 陽台 見其他登記事項,全筆移轉
RPQNMLOKMHHGFCP78DA,,173.68,住家用,鋼筋混凝土造,111年1月24日,三層,一層 二層 三層 陽台,全筆移轉
RPTNMLMLNHHGFDP56DA,,40.86,集合住宅,鋼筋混凝土造,111年2月10日,五層,四層 陽台,全筆移轉
RPTNMLMLNHHGFDP56DA,,14.64,本共有部分之項目有停車空間、昇降梯、安全梯、梯廳及機械室等５項,鋼筋混凝土造,111年2月10日,五層,,持分移轉
RPSNMLSJNHHGFDP86DA,,177.29,住宅、樓梯間,鋼筋混凝土造,110年12月26日,三層,一層 二層 三層 陽台 見其他登記事項,全筆移轉
RPOOMLOLNHHGFAP68DA,,157.90,住家用,鋼筋混凝土造,110年11月17日,三層,一層 二層 三層 陽台,全筆移轉
RPPOMLOLNHHGFAP78DA,,159.97,住家用,鋼筋混凝土造,110年11月17日,三層,一層 二層 三層 陽台,全筆移轉
RPPQMLLKLHHGFAP38DA,,206.27,住宅、樓梯間,鋼筋混凝土造,110年9月1日,三層,一層 二層 三層 陽台 見其他登記事項,全筆移轉
RPQNMLSKMHHGFFP86DA,,178.08,住宅,ＲＣ造,111年1月28日,三層,陽台 見其他登記事項,全筆移轉
RPTNMLRJMHHGFDP76DA,,174.32,住宅、樓梯間,鋼筋混凝土造,110年12月26日,三層,一層 二層 三層 陽台 見其他登記事項,全筆移轉
RPTNMLLLMHHGFCP88DA,,230.63,住宅、樓梯間,鋼筋混凝土造,111年1月24日,三層,一層 二層 三層 陽台 見其他登記事項,全筆移轉
RPPNMLNJNHHGFDP68DA,,241.45,住宅、樓梯間,鋼筋混凝土造,111年2月17日,三層,一層 二層 三層 陽台 見其他登記事項,全筆移轉
RPQOMLNJNHHGFDP88DA,,156.68,住宅、停車空間、樓梯間,鋼筋混凝土造,111年2月17日,三層,一層 二層 三層 陽台 見其他登記事項,全筆移轉
RPTOMLNJNHHGFDP56DA,,147.06,住宅、停車空間、樓梯間,鋼筋混凝土造,111年2月17日,三層,一層 二層 三層 陽台 見其他登記事項,全筆移轉
RPQNMLKKNHHGFDP58DA,,136.92,住宅、停車空間,鋼筋混凝土造,110年6月30日,三層,一層 二層 三層 陽台,全筆移轉
RPPNMLPLNHHGFDP09DA,,58.02,集合住宅,鋼筋混凝土造,110年10月18日,九層,三層 陽台,全筆移轉
RPPNMLPLNHHGFDP09DA,,33.20,本共有部分之項目有電梯間、安全梯、消防機房＋發電機房、汙水機房、梯廳、防空避難室兼停車空間、電信室、台電管道間、車道、停車空間等１０項,鋼筋混凝土造,110年10月18日,九層,,持分移轉
RPPNMLPLNHHGFDP09DA,,21.11,本共有部分之項目有電梯、安全梯、管理委員會使用空間、梯廳、電梯間、走廊、造型、機械室、電梯機房等９項,鋼筋混凝土造,110年10月18日,九層,,持分移轉
RPROMLKLJHHGFDP48DA,,181.68,住家用,鋼筋混凝土造,110年12月22日,三層,一層 二層 三層 陽台,全筆移轉
RPVPMLKLJHHGFDP98DA,,181.68,住家用,鋼筋混凝土造,110年12月22日,三層,一層 二層 三層 陽台,全筆移轉
RPQNMLTLLHHGFCP66DA,,223.74,店舖、停車空間、住宅、樓梯間,鋼筋混凝土造,111年1月6日,三層,一層 二層 三層 陽台 見其他登記事項,全筆移轉
RPUNMLTJLHHGFAP66DA,,214.86,住家用,鋼筋混凝土造,110年3月7日,四層,一層 二層 三層 四層 陽台,全筆移轉
RPPPMLKLJHHGFDP38DA,,181.68,住家用,鋼筋混凝土造,110年12月22日,三層,一層 二層 三層 陽台,全筆移轉
RPUNMLSKMHHGFFP27DA,,230.99,住宅,ＲＣ造,111年1月28日,三層,陽台 見其他登記事項,全筆移轉
RPPNMLSKLHHGFDP09DA,,189.93,住家用,鋼筋混凝土造,110年11月4日,三層,一層 二層 三層 陽台,全筆移轉
RPWOMLNJNHHGFDP86DA,,147.06,住宅、停車空間、樓梯間,鋼筋混凝土造,111年2月17日,三層,一層 二層 三層 陽台 見其他登記事項,全筆移轉
RPRNMLMLMHHGFFP09DA,,182.05,住宅,ＲＣ造,111年1月28日,三層,陽台 見其他登記事項,全筆移轉
RPRNMLPLNHHGFDP66DA,,61.70,集合住宅,鋼筋混凝土造,110年10月18日,九層,五層 陽台,全筆移轉
RPRNMLPLNHHGFDP66DA,,33.51,本共有部分之項目有電梯間、安全梯、消防機房＋發電機房、汙水機房、梯廳、防空避難室兼停車空間、電信室、台電管道間、車道、停車空間等１０項,鋼筋混凝土造,110年10月18日,九層,,持分移轉
RPRNMLPLNHHGFDP66DA,,22.45,本共有部分之項目有電梯、安全梯、管理委員會使用空間、梯廳、電梯間、走廊、造型、機械室、電梯機房等９項,鋼筋混凝土造,110年10月18日,九層,,持分移轉
RPSNMLTLLHHGFCP86DA,,219.40,店舖、停車空間、住宅、樓梯間,鋼筋混凝土造,111年1月6日,三層,一層 二層 三層 陽台 見其他登記事項,全筆移轉
RPTOMLOKLHHGFDP56DA,,187.70,住家用,鋼筋混凝土造,110年11月4日,三層,一層 二層 三層 陽台,全筆移轉
RPRNMLTLLHHGFCP76DA,,219.40,店舖、停車空間、住宅、樓梯間,鋼筋混凝土造,111年1月6日,三層,一層 二層 三層 陽台 見其他登記事項,全筆移轉
RPWOMLOKLHHGFDP86DA,,187.70,住家用,鋼筋混凝土造,110年11月4日,三層,一層 二層 三層 陽台,全筆移轉
RPUNMLOKLHHGFDP56DA,,192.66,住家用,鋼筋混凝土造,110年11月4日,三層,一層 二層 三層 陽台,全筆移轉
RPWNMLOKMHHGFFP07DA,,177.98,住宅,ＲＣ造,111年1月28日,三層,陽台 見其他登記事項,全筆移轉
RPQNMLPLMHHGFDP09DA,,129.84,住宅、停車空間,鋼筋混凝土造,110年6月30日,三層,一層 二層 三層 陽台,全筆移轉
RPSNMLMLMHHGFFP56DA,,192.75,住宅,ＲＣ造,111年1月28日,三層,陽台 見其他登記事項,全筆移轉
RPPNMLSJNHHGFDP56DA,,179.75,住宅、停車空間、樓梯間,鋼筋混凝土造,110年12月26日,三層,一層 二層 三層 陽台 見其他登記事項,全筆移轉
RPRNMLPKNHHGFDP56DA,,184.88,住宅、樓梯間,鋼筋混凝土造,110年12月26日,三層,一層 二層 三層 陽台 見其他登記事項,全筆移轉
RPXOMLNJNHHGFDP96DA,,147.06,住宅、停車空間、樓梯間,鋼筋混凝土造,111年2月17日,三層,一層 二層 三層 陽台 見其他登記事項,全筆移轉
RPTNMLTJLHHGFAP56DA,,214.86,住家用,鋼筋混凝土造,110年3月7日,四層,一層 二層 三層 四層 陽台,全筆移轉
RPXOMLKLJHHGFDP09DA,,181.68,住家用,鋼筋混凝土造,110年12月22日,三層,一層 二層 三層 陽台,全筆移轉
RPPOMLKLJHHGFDP28DA,,182.25,住家用,鋼筋混凝土造,110年12月22日,三層,一層 二層 三層 陽台,全筆移轉
RPOPMLKLJHHGFDP28DA,,181.68,住家用,鋼筋混凝土造,110年12月22日,三層,一層 二層 三層 陽台,全筆移轉
RPTOMLOKLHHGFAP88DA,,180.50,住宅、樓梯間,鋼筋混凝土造,110年5月25日,三層,一層 二層 三層 陽台 見其他登記事項,全筆移轉
RPXNMLKLJHHGFDP98DA,,179.80,住家用,鋼筋混凝土造,110年12月22日,三層,一層 二層 三層 陽台,全筆移轉
RPQNMLOKLHHGFDP78DA,,189.93,住家用,鋼筋混凝土造,110年11月4日,三層,一層 二層 三層 陽台,全筆移轉
RPWQMLPKMHHGFAP96DA,,76.10,集合住宅,鋼筋混凝土造,111年1月17日,十一層,十層 陽台,全筆移轉
RPWQMLPKMHHGFAP96DA,,63.32,停車空間兼防空避難室、停車空間、管理維護空間、走廊、梯廳、樓梯間、機房、電梯機房、停車空間（車道）,鋼筋混凝土造,110年7月5日,十一層,,持分移轉
RPPNMLOKLHHGFDP68DA,,189.93,住家用,鋼筋混凝土造,110年11月4日,三層,一層 二層 三層 陽台,全筆移轉
RPORMLPKMHHGFAP88DA,,57.70,集合住宅,鋼筋混凝土造,111年1月17日,十一層,十層 陽台,全筆移轉
RPORMLPKMHHGFAP88DA,,40.91,停車空間兼防空避難室、停車空間、管理維護空間、走廊、梯廳、樓梯間、機房、電梯機房、停車空間（車道）,鋼筋混凝土造,110年7月5日,十一層,,持分移轉
RPTNMLOKLHHGFDP09DA,,191.87,住家用,鋼筋混凝土造,110年11月4日,三層,一層 二層 三層 陽台,全筆移轉
RPROMLOKLHHGFDP98DA,,196.30,住家用,鋼筋混凝土造,110年11月4日,三層,一層 二層 三層 陽台,全筆移轉
RPWNMLSKLHHGFDP17DA,,187.70,住家用,鋼筋混凝土造,110年11月4日,三層,一層 二層 三層 陽台,全筆移轉
RPPNMLPKLHHGFDP78DA,,190.32,住家用,鋼筋混凝土造,110年11月4日,三層,一層 二層 三層 陽台,全筆移轉
RPPNMLNLLHHGFDP68DA,,192.73,住家用,鋼筋混凝土造,110年11月4日,三層,一層 二層 三層 陽台,全筆移轉
RPRNMLPKMHHGFFP66DA,,190.77,住宅,ＲＣ造,111年1月28日,三層,陽台 見其他登記事項,全筆移轉
RPOPMLOKLHHGFDP78DA,,187.70,住家用,鋼筋混凝土造,110年11月4日,三層,一層 二層 三層 陽台,全筆移轉
RPWNMLOKLHHGFDP76DA,,192.73,住家用,鋼筋混凝土造,110年11月4日,三層,一層 二層 三層 陽台,全筆移轉
RPQOMLOKMHHGFAP68DA,,81.30,集合住宅,鋼筋混凝土造,110年7月5日,十一層,一層,全筆移轉
RPQOMLOKMHHGFAP68DA,,51.07,停車空間兼防空避難室、停車空間、管理維護空間、走廊、梯廳、樓梯間、機房、電梯機房、停車空間（車道）,鋼筋混凝土造,110年7月5日,十一層,,持分移轉
RPSNMLTLMHHGFDP07DA,,242.00,住宅、樓梯間,鋼筋混凝土造,111年2月17日,三層,一層 二層 三層 陽台 見其他登記事項,全筆移轉
RPROMLSKMHHGFAP56DA,,79.71,集合住宅,鋼筋混凝土造,110年7月5日,十一層,二層 陽台,全筆移轉
RPROMLSKMHHGFAP56DA,,49.97,停車空間兼防空避難室、停車空間、管理維護空間、走廊、梯廳、樓梯間、機房、電梯機房、停車空間（車道）,鋼筋混凝土造,110年7月5日,十一層,,持分移轉
RPPOMLQJNHHGFAP78DA,,287.50,住宅、樓梯間,鋼筋混凝土造,110年6月1日,四層,一層 二層 三層 四層 陽台 見其他登記事項,全筆移轉
RPPNMLKKNHHGFDP48DA,,129.84,住宅、停車空間,鋼筋混凝土造,110年6月30日,三層,一層 二層 三層 陽台,全筆移轉
RPUNMLOLNHHGFAP56DA,,167.28,住家用,鋼筋混凝土造,110年11月17日,三層,一層 二層 三層 陽台,全筆移轉
RPUPMLLJLHHGFAP68DA,,75.85,集合住宅,鋼筋混凝土造,110年6月10日,七層,六層 陽台,全筆移轉
RPUPMLLJLHHGFAP68DA,,60.48,停車空間、管理委員會空間、樓梯間、走廊、車道、機械式、水箱,鋼筋混凝土造,110年6月10日,七層,,持分移轉
RPWNMLOKLHHGFAP09DA,,214.69,住宅、樓梯間,鋼筋混凝土造,110年5月25日,三層,一層 二層 三層 陽台 見其他登記事項,全筆移轉
RPSPMLKLJHHGFDP68DA,,184.38,住家用,鋼筋混凝土造,110年12月22日,三層,一層 二層 三層 陽台,全筆移轉
RPSNMLSJMHHGFDP76DA,,228.04,住宅、梯間,鋼筋混凝土造,110年10月27日,三層,一層 二層 三層 陽台 見其他登記事項,全筆移轉
RPTOMLOLLHHGFAP98DA,,175.43,住宅、樓梯間,鋼筋混凝土造,110年5月25日,三層,一層 二層 三層 陽台 見其他登記事項,全筆移轉
RPTNMLNKMHHGFDP09DA,,60.12,集合住宅,鋼筋混凝土造,110年10月18日,九層,三層 陽台,全筆移轉
RPTNMLNKMHHGFDP09DA,,4.31,本共有部分之項目有電梯間、安全梯、消防機房＋發電機房、汙水機房、梯廳、防空避難室兼停車空間、電信室、台電管道間、車道、停車空間等１０項,鋼筋混凝土造,110年10月18日,九層,,持分移轉
RPTNMLNKMHHGFDP09DA,,21.87,本共有部分之項目有電梯、安全梯、管理委員會使用空間、梯廳、電梯間、走廊、造型、機械室、電梯機房等９項,鋼筋混凝土造,110年10月18日,九層,,持分移轉
RPQOMLOLLHHGFAP68DA,,175.43,住宅、樓梯間,鋼筋混凝土造,110年5月25日,三層,一層 二層 三層 陽台 見其他登記事項,全筆移轉
RPQNMLNJNHHGFDP78DA,,147.06,住宅、停車空間、樓梯間,鋼筋混凝土造,111年2月17日,三層,一層 二層 三層 陽台 見其他登記事項,全筆移轉
RPROMLOKMHHGFAP78DA,,71.70,集合住宅,鋼筋混凝土造,110年7月5日,十一層,一層,全筆移轉
RPROMLOKMHHGFAP78DA,,46.79,停車空間兼防空避難室、停車空間、管理維護空間、走廊、梯廳、樓梯間、機房、電梯機房、停車空間（車道）,鋼筋混凝土造,110年7月5日,十一層,,持分移轉
RPPPMLNJNHHGFDP88DA,,156.68,住宅、停車空間、樓梯間,鋼筋混凝土造,111年2月17日,三層,一層 二層 三層 陽台 見其他登記事項,全筆移轉
RPUNMLMLNHHGFDP66DA,,40.86,集合住宅,鋼筋混凝土造,111年2月10日,五層,四層 陽台,全筆移轉
RPXNMLSKNHHGFAP17DA,,162.45,住家用,鋼筋混凝土造,111年3月16日,三層,一層 二層 三層 陽台,全筆移轉
RPUNMLMLNHHGFDP66DA,,14.64,本共有部分之項目有停車空間、昇降梯、安全梯、梯廳及機械室等５項,鋼筋混凝土造,111年2月10日,五層,,持分移轉
RPRNMLSJMHHGFDP66DA,,228.04,住宅、梯間,鋼筋混凝土造,110年10月27日,三層,一層 二層 三層 陽台 見其他登記事項,全筆移轉
RPTNMLOLNHHGFAP09DA,,184.79,住家用,鋼筋混凝土造,110年11月17日,三層,一層 二層 三層 陽台,全筆移轉
RPVNMLOLNHHGFAP66DA,,169.58,住家用,鋼筋混凝土造,110年11月17日,三層,一層 二層 三層 陽台,全筆移轉
RPPNMLKLJHHGFDP18DA,,185.20,住家用,鋼筋混凝土造,110年12月22日,三層,一層 二層 三層 陽台,全筆移轉
RPRPMLKLJHHGFDP58DA,,184.38,住家用,鋼筋混凝土造,110年12月22日,三層,一層 二層 三層 陽台,全筆移轉
RPQOMLPKLHHGFDP98DA,,58.02,集合住宅,鋼筋混凝土造,110年10月18日,九層,六層 陽台,全筆移轉
RPQOMLPKLHHGFDP98DA,,33.20,本共有部分之項目有電梯間、安全梯、消防機房＋發電機房、汙水機房、梯廳、防空避難室兼停車空間、電信室、台電管道間、車道、停車空間等１０項,鋼筋混凝土造,110年10月18日,九層,,持分移轉
RPSNMLKLJHHGFDP48DA,,182.25,住家用,鋼筋混凝土造,110年12月22日,三層,一層 二層 三層 陽台,全筆移轉
RPQOMLPKLHHGFDP98DA,,21.11,本共有部分之項目有電梯、安全梯、管理委員會使用空間、梯廳、電梯間、走廊、造型、機械室、電梯機房等９項,鋼筋混凝土造,110年10月18日,九層,,持分移轉
RPWNMLOLLHHGFAP56DA,,173.90,住宅、樓梯間,鋼筋混凝土造,110年5月25日,三層,一層 二層 三層 陽台 見其他登記事項,全筆移轉
RPSOMLOLLHHGFAP88DA,,173.90,住宅、樓梯間,鋼筋混凝土造,110年5月25日,三層,一層 二層 三層 陽台 見其他登記事項,全筆移轉
RPXNMLOKLHHGFAP56DA,,214.92,住宅、樓梯間,鋼筋混凝土造,110年5月25日,三層,一層 二層 三層 陽台 見其他登記事項,全筆移轉
RPUNMLOLLHHGFAP98DA,,228.84,住宅、樓梯間、停車空間,鋼筋混凝土造,110年5月25日,三層,一層 二層 三層 陽台 見其他登記事項,全筆移轉
RPXNMLOLLHHGFAP66DA,,180.50,住宅、樓梯間,鋼筋混凝土造,110年5月25日,三層,一層 二層 三層 陽台 見其他登記事項,全筆移轉
RPUOMLOLLHHGFAP09DA,,216.60,住宅、樓梯間,鋼筋混凝土造,110年5月25日,三層,一層 二層 三層 陽台 見其他登記事項,全筆移轉
RPQNMLSJMHHGFDP56DA,,228.04,住宅、梯間,鋼筋混凝土造,110年10月27日,三層,一層 二層 三層 陽台 見其他登記事項,全筆移轉
RPOOMLOLLHHGFAP48DA,,207.49,住宅、樓梯間,鋼筋混凝土造,110年5月25日,三層,一層 二層 三層 陽台 見其他登記事項,全筆移轉
RPTNMLSJMHHGFDP86DA,,228.04,住宅、梯間,鋼筋混凝土造,110年10月27日,三層,一層 二層 三層 陽台 見其他登記事項,全筆移轉
RPUNMLSJMHHGFDP96DA,,228.04,住宅、梯間,鋼筋混凝土造,110年10月27日,三層,一層 二層 三層 陽台 見其他登記事項,全筆移轉
RPVNMLQLMHHGFAP86EA,,84.64,集合住宅,鋼筋混凝土造,110年10月20日,五層,三層 陽台,全筆移轉
RPVNMLQLMHHGFAP86EA,,47.95,樓電梯間、停車空間,鋼筋混凝土造,110年10月20日,五層,,持分移轉
RPWNMLQLMHHGFAP96EA,,84.64,集合住宅,鋼筋混凝土造,110年10月20日,五層,二層 陽台,全筆移轉
RPWNMLQLMHHGFAP96EA,,47.95,樓電梯間、停車空間,鋼筋混凝土造,110年10月20日,五層,,持分移轉
RPXNMLQLMHHGFAP07EA,,84.64,集合住宅,鋼筋混凝土造,110年10月20日,五層,五層 陽台,全筆移轉
RPXNMLQLMHHGFAP07EA,,47.95,樓電梯間、停車空間,鋼筋混凝土造,110年10月20日,五層,,持分移轉
SPXNMLQLMHHGFAP17EA,,84.64,集合住宅,鋼筋混凝土造,110年10月20日,五層,四層 陽台,全筆移轉
SPXNMLQLMHHGFAP17EA,,47.95,樓電梯間、停車空間,鋼筋混凝土造,110年10月20日,五層,,持分移轉
RPRNMLMLNHHGFDP98DA,,40.86,集合住宅,鋼筋混凝土造,111年2月10日,五層,三層 陽台,全筆移轉
RPRNMLMLNHHGFDP98DA,,14.64,本共有部分之項目有停車空間、昇降梯、安全梯、梯廳及機械室等５項,鋼筋混凝土造,111年2月10日,五層,,持分移轉
RPQNMLMLNHHGFDP88DA,,40.86,集合住宅,鋼筋混凝土造,111年2月10日,五層,三層 陽台,全筆移轉
RPQNMLMLNHHGFDP88DA,,14.64,本共有部分之項目有停車空間、昇降梯、安全梯、梯廳及機械室等５項,鋼筋混凝土造,111年2月10日,五層,,持分移轉
RPQPMLLJLHHGFAP28DA,,77.51,集合住宅,鋼筋混凝土造,110年6月10日,七層,五層 陽台,全筆移轉
RPQPMLLJLHHGFAP28DA,,36.67,停車空間、管理委員會空間、樓梯間、走廊、車道、機械式、水箱,鋼筋混凝土造,110年6月10日,七層,,持分移轉
RPSNMLPLNHHGFDP76DA,,59.81,集合住宅,鋼筋混凝土造,110年10月18日,九層,八層 陽台,全筆移轉
RPSNMLPLNHHGFDP76DA,,33.37,本共有部分之項目有電梯間、安全梯、消防機房＋發電機房、汙水機房、梯廳、防空避難室兼停車空間、電信室、台電管道間、車道、停車空間等１０項,鋼筋混凝土造,110年10月18日,九層,,持分移轉
RPSNMLPLNHHGFDP76DA,,21.75,本共有部分之項目有電梯、安全梯、管理委員會使用空間、梯廳、電梯間、走廊、造型、機械室、電梯機房等９項,鋼筋混凝土造,110年10月18日,九層,,持分移轉
RPPPMLOLNHHGFAP88DA,,273.68,住宅、樓梯間,鋼筋混凝土造,111年3月16日,四層,一層 二層 三層 四層 陽台 屋頂突出物,全筆移轉
RPSNMLSKLHHGFDP76DA,,61.70,集合住宅,鋼筋混凝土造,110年10月18日,九層,七層 陽台,全筆移轉
RPSNMLSKLHHGFDP76DA,,33.51,本共有部分之項目有電梯間、安全梯、消防機房＋發電機房、汙水機房、梯廳、防空避難室兼停車空間、電信室、台電管道間、車道、停車空間等１０項,鋼筋混凝土造,110年10月18日,九層,,持分移轉
RPPNMLTLMHHGFAP09DA,,217.93,住宅、樓梯間,鋼筋混凝土造,110年7月23日,三層,一層 二層 三層 屋頂突出物,全筆移轉
RPSNMLSKLHHGFDP76DA,,22.45,本共有部分之項目有電梯、安全梯、管理委員會使用空間、梯廳、電梯間、走廊、造型、機械室、電梯機房等９項,鋼筋混凝土造,110年10月18日,九層,,持分移轉
RPVOMLNJNHHGFDP76DA,,147.06,住宅、停車空間、樓梯間,鋼筋混凝土造,111年2月17日,三層,一層 二層 三層 陽台 見其他登記事項,全筆移轉
RPOOMLPJNHHGFAP58DA,,287.50,住宅、停車空間、樓梯間,鋼筋混凝土造,110年6月1日,四層,一層 二層 三層 四層 陽台 見其他登記事項,全筆移轉
RPOPMLLMNHHGFAP58DA,,256.09,住宅、樓梯間,鋼筋混凝土造,111年3月16日,四層,一層 二層 三層 四層 陽台 屋頂突出物,全筆移轉
RPPOMLPJNHHGFAP68DA,,287.50,住宅、停車空間、樓梯間,鋼筋混凝土造,110年6月1日,四層,一層 二層 三層 四層 陽台 見其他登記事項,全筆移轉
RPTOMLLKLHHGFAP58DA,,192.73,住宅、樓梯間,鋼筋混凝土造,110年9月1日,三層,一層 二層 三層 陽台 見其他登記事項,全筆移轉
RPPNMLRJOHHGFDP56DA,,132.70,住宅、停車空間,鋼筋混凝土造,110年6月30日,三層,一層 二層 三層 陽台,全筆移轉
RPROMLLKLHHGFAP38DA,,187.53,住宅、樓梯間,鋼筋混凝土造,110年9月1日,三層,一層 二層 三層 陽台 見其他登記事項,全筆移轉
RPOPMLSKMHHGFAP98DA,,187.53,住宅、樓梯間,鋼筋混凝土造,110年9月1日,三層,一層 二層 三層 陽台 見其他登記事項,全筆移轉
RPQNMLSKLHHGFDP56DA,,60.12,集合住宅,鋼筋混凝土造,110年10月18日,九層,五層 陽台,全筆移轉
RPQNMLSKLHHGFDP56DA,,4.31,本共有部分之項目有電梯間、安全梯、消防機房＋發電機房、汙水機房、梯廳、防空避難室兼停車空間、電信室、台電管道間、車道、停車空間等１０項,鋼筋混凝土造,110年10月18日,九層,,持分移轉
RPQNMLSKLHHGFDP56DA,,21.87,本共有部分之項目有電梯、安全梯、管理委員會使用空間、梯廳、電梯間、走廊、造型、機械室、電梯機房等９項,鋼筋混凝土造,110年10月18日,九層,,持分移轉
RPQOMLKMLHHGFAP38DA,,187.53,住宅、樓梯間,鋼筋混凝土造,110年9月1日,三層,一層 二層 三層 陽台 見其他登記事項,全筆移轉
RPSOMLOKMHHGFAP88DA,,72.49,集合住宅,鋼筋混凝土造,110年7月5日,十一層,一層,全筆移轉
RPSOMLOKMHHGFAP88DA,,47.20,停車空間兼防空避難室、停車空間、管理維護空間、走廊、梯廳、樓梯間、機房、電梯機房、停車空間（車道）,鋼筋混凝土造,110年7月5日,十一層,,持分移轉
RPTNMLLLMHHGFAP68DA,,287.50,住宅、樓梯間,鋼筋混凝土造,110年6月1日,四層,一層 二層 三層 四層 陽台 見其他登記事項,全筆移轉
RPVNMLNJNHHGFDP66DA,,147.06,住宅、停車空間、樓梯間,鋼筋混凝土造,111年2月17日,三層,一層 二層 三層 陽台 見其他登記事項,全筆移轉
RPWNMLLLMHHGFAP98DA,,287.50,住宅、樓梯間,鋼筋混凝土造,110年6月1日,四層,一層 二層 三層 四層 陽台 見其他登記事項,全筆移轉
RPPOMLNJNHHGFDP78DA,,147.06,住宅、停車空間、樓梯間,鋼筋混凝土造,111年2月17日,三層,一層 二層 三層 陽台 見其他登記事項,全筆移轉
RPOPMLLKLHHGFAP18DA,,187.53,住宅、樓梯間,鋼筋混凝土造,110年9月1日,三層,一層 二層 三層 陽台 見其他登記事項,全筆移轉
RPPNMLLKLHHGFAP08DA,,185.96,住宅、樓梯間,鋼筋混凝土造,110年9月1日,三層,一層 二層 三層 陽台 見其他登記事項,全筆移轉
RPSPMLLKLHHGFAP58DA,,198.16,住宅、樓梯間,鋼筋混凝土造,110年9月1日,三層,一層 二層 三層 陽台 見其他登記事項,全筆移轉
RPWNMLLKLHHGFAP78DA,,188.86,住宅、樓梯間,鋼筋混凝土造,110年9月1日,三層,一層 二層 三層 陽台 見其他登記事項,全筆移轉
RPUNMLSKLHHGFDP96DA,,58.02,集合住宅,鋼筋混凝土造,110年10月18日,九層,八層 陽台,全筆移轉
RPUNMLSKLHHGFDP96DA,,33.20,本共有部分之項目有電梯間、安全梯、消防機房＋發電機房、汙水機房、梯廳、防空避難室兼停車空間、電信室、台電管道間、車道、停車空間等１０項,鋼筋混凝土造,110年10月18日,九層,,持分移轉
RPUNMLSKLHHGFDP96DA,,21.11,本共有部分之項目有電梯、安全梯、管理委員會使用空間、梯廳、電梯間、走廊、造型、機械室、電梯機房等９項,鋼筋混凝土造,110年10月18日,九層,,持分移轉
RPRNMLSLLHHGFDP76DA,,143.78,住宅、停車空間,鋼筋混凝土造,110年6月30日,三層,一層 二層 三層 陽台,全筆移轉
RPQPMLSKMHHGFAP56DA,,187.07,住宅、樓梯間,鋼筋混凝土造,110年9月1日,三層,一層 二層 三層 陽台 見其他登記事項,全筆移轉
RPXNMLSKMHHGFAP07DA,,52.69,集合住宅,鋼筋混凝土造,110年7月5日,十一層,二層 陽台,全筆移轉
RPXNMLSKMHHGFAP07DA,,38.77,停車空間兼防空避難室、停車空間、管理維護空間、走廊、梯廳、樓梯間、機房、電梯機房、停車空間（車道）,鋼筋混凝土造,110年7月5日,十一層,,持分移轉
RPWNMLNJNHHGFDP76DA,,147.06,住宅、停車空間、樓梯間,鋼筋混凝土造,111年2月17日,三層,一層 二層 三層 陽台 見其他登記事項,全筆移轉
RPUNMLSKMHHGFAP76DA,,79.71,集合住宅,鋼筋混凝土造,110年7月5日,十一層,三層 陽台,全筆移轉
RPUNMLSKMHHGFAP76DA,,64.51,停車空間兼防空避難室、停車空間、管理維護空間、走廊、梯廳、樓梯間、機房、電梯機房、停車空間（車道）,鋼筋混凝土造,110年7月5日,十一層,,持分移轉
RPUOMLNJNHHGFDP66DA,,147.06,住宅、停車空間、樓梯間,鋼筋混凝土造,111年2月17日,三層,一層 二層 三層 陽台 見其他登記事項,全筆移轉
RPTPMLLKLHHGFAP68DA,,191.06,住宅、樓梯間,鋼筋混凝土造,110年9月1日,三層,一層 二層 三層 陽台 見其他登記事項,全筆移轉
RPUPMLLKLHHGFAP78DA,,191.06,住宅、樓梯間,鋼筋混凝土造,110年9月1日,三層,一層 二層 三層 陽台 見其他登記事項,全筆移轉
RPROMLKMLHHGFAP48DA,,187.53,住宅、樓梯間,鋼筋混凝土造,110年9月1日,三層,一層 二層 三層 陽台 見其他登記事項,全筆移轉
RPXPMLLKLHHGFAP09DA,,191.06,住宅、樓梯間,鋼筋混凝土造,110年9月1日,三層,一層 二層 三層 陽台 見其他登記事項,全筆移轉
RPPPMLKMLHHGFAP38DA,,187.53,住宅、樓梯間,鋼筋混凝土造,110年9月1日,三層,一層 二層 三層 陽台 見其他登記事項,全筆移轉
RPTNMLLKMHHGFDP88DA,,61.70,集合住宅,鋼筋混凝土造,110年10月18日,九層,三層 陽台,全筆移轉
RPTNMLLKMHHGFDP88DA,,4.42,本共有部分之項目有電梯間、安全梯、消防機房＋發電機房、汙水機房、梯廳、防空避難室兼停車空間、電信室、台電管道間、車道、停車空間等１０項,鋼筋混凝土造,110年10月18日,九層,,持分移轉
RPTNMLLKMHHGFDP88DA,,22.45,本共有部分之項目有電梯、安全梯、管理委員會使用空間、梯廳、電梯間、走廊、造型、機械室、電梯機房等９項,鋼筋混凝土造,110年10月18日,九層,,持分移轉
RPPPMLSKMHHGFAP09DA,,191.06,住宅、樓梯間,鋼筋混凝土造,110年9月1日,三層,一層 二層 三層 陽台 見其他登記事項,全筆移轉
RPSPMLNJNHHGFDP56DA,,61.39,集合住宅,鋼筋混凝土造,110年10月18日,九層,八層 陽台,全筆移轉
RPSPMLNJNHHGFDP56DA,,62.57,本共有部分之項目有電梯間、安全梯、消防機房＋發電機房、汙水機房、梯廳、防空避難室兼停車空間、電信室、台電管道間、車道、停車空間等１０項,鋼筋混凝土造,110年10月18日,九層,,持分移轉
RPSPMLNJNHHGFDP56DA,,22.33,本共有部分之項目有電梯、安全梯、管理委員會使用空間、梯廳、電梯間、走廊、造型、機械室、電梯機房等９項,鋼筋混凝土造,110年10月18日,九層,,持分移轉
RPROMLLJLHHGFAP28DA,,111.50,集合住宅,鋼筋混凝土造,110年6月10日,七層,三層 陽台,全筆移轉
RPROMLLJLHHGFAP28DA,,78.20,停車空間、管理委員會空間、樓梯間、走廊、車道、機械式、水箱,鋼筋混凝土造,110年6月10日,七層,,持分移轉
RPWOMLLJLHHGFAP78DA,,77.51,集合住宅,鋼筋混凝土造,110年6月10日,七層,四層 陽台,全筆移轉
RPWOMLLJLHHGFAP78DA,,60.48,停車空間、管理委員會空間、樓梯間、走廊、車道、機械式、水箱,鋼筋混凝土造,110年6月10日,七層,,持分移轉
RPVPMLLJLHHGFAP78DA,,77.51,集合住宅,鋼筋混凝土造,110年6月10日,七層,六層 陽台,全筆移轉
RPVPMLLJLHHGFAP78DA,,36.67,停車空間、管理委員會空間、樓梯間、走廊、車道、機械式、水箱,鋼筋混凝土造,110年6月10日,七層,,持分移轉
RPXOMLLJLHHGFAP88DA,,111.50,集合住宅,鋼筋混凝土造,110年6月10日,七層,四層 陽台,全筆移轉
RPXOMLLJLHHGFAP88DA,,78.20,停車空間、管理委員會空間、樓梯間、走廊、車道、機械式、水箱,鋼筋混凝土造,110年6月10日,七層,,持分移轉
RPWPMLLJLHHGFAP88DA,,111.50,集合住宅,鋼筋混凝土造,110年6月10日,七層,六層 陽台,全筆移轉
RPWPMLLJLHHGFAP88DA,,78.20,停車空間、管理委員會空間、樓梯間、走廊、車道、機械式、水箱,鋼筋混凝土造,110年6月10日,七層,,持分移轉
RPVNMLPLMHHGFAP66DA,,185.96,住宅、樓梯間,鋼筋混凝土造,110年9月1日,三層,一層 二層 三層 陽台 見其他登記事項,全筆移轉
RPTOMLLJLHHGFAP48DA,,77.51,集合住宅,鋼筋混凝土造,110年6月10日,七層,四層 陽台,全筆移轉
RPTOMLLJLHHGFAP48DA,,60.48,停車空間、管理委員會空間、樓梯間、走廊、車道、機械式、水箱,鋼筋混凝土造,110年6月10日,七層,,持分移轉
RPSNMLLKLHHGFAP38DA,,185.96,住宅、樓梯間,鋼筋混凝土造,110年9月1日,三層,一層 二層 三層 陽台 見其他登記事項,全筆移轉
RPRPMLLJLHHGFAP38DA,,77.51,集合住宅,鋼筋混凝土造,110年6月10日,七層,五層 陽台,全筆移轉
RPRPMLLJLHHGFAP38DA,,36.67,停車空間、管理委員會空間、樓梯間、走廊、車道、機械式、水箱,鋼筋混凝土造,110年6月10日,七層,,持分移轉
RPVNMLLKLHHGFAP68DA,,185.96,住宅、樓梯間,鋼筋混凝土造,110年9月1日,三層,一層 二層 三層 陽台 見其他登記事項,全筆移轉
RPXOMLLKLHHGFAP98DA,,187.53,住宅、樓梯間,鋼筋混凝土造,110年9月1日,三層,一層 二層 三層 陽台 見其他登記事項,全筆移轉
RPXNMLLKLHHGFAP88DA,,185.96,住宅、樓梯間,鋼筋混凝土造,110年9月1日,三層,一層 二層 三層 陽台 見其他登記事項,全筆移轉
RPWOMLLKLHHGFAP88DA,,187.53,住宅、樓梯間,鋼筋混凝土造,110年9月1日,三層,一層 二層 三層 陽台 見其他登記事項,全筆移轉
RPQOMLLKLHHGFAP28DA,,187.53,住宅、樓梯間,鋼筋混凝土造,110年9月1日,三層,一層 二層 三層 陽台 見其他登記事項,全筆移轉
RPOOMLKMLHHGFAP18DA,,192.18,住宅、樓梯間,鋼筋混凝土造,110年9月1日,三層,一層 二層 三層 陽台 見其他登記事項,全筆移轉
RPTOMLKMLHHGFAP68DA,,197.36,住宅、樓梯間,鋼筋混凝土造,110年9月1日,三層,一層 二層 三層 陽台 見其他登記事項,全筆移轉
RPUOMLKMLHHGFAP78DA,,187.53,住宅、樓梯間,鋼筋混凝土造,110年9月1日,三層,一層 二層 三層 陽台 見其他登記事項,全筆移轉
RPXOMLKMLHHGFAP09DA,,187.53,住宅、樓梯間,鋼筋混凝土造,110年9月1日,三層,一層 二層 三層 陽台 見其他登記事項,全筆移轉
RPVOMLKMLHHGFAP88DA,,187.53,住宅、樓梯間,鋼筋混凝土造,110年9月1日,三層,一層 二層 三層 陽台 見其他登記事項,全筆移轉
RPROMLNJNHHGFDP98DA,,147.06,住宅、停車空間、樓梯間,鋼筋混凝土造,111年2月17日,三層,一層 二層 三層 陽台 見其他登記事項,全筆移轉
RPQNMLNLMHHGFAP58DA,,187.53,住宅、樓梯間,鋼筋混凝土造,110年9月1日,三層,一層 二層 三層 陽台 見其他登記事項,全筆移轉
RPPOMLSKMHHGFAP98DA,,52.82,集合住宅,鋼筋混凝土造,110年7月5日,十一層,二層 陽台,全筆移轉
RPPOMLSKMHHGFAP98DA,,38.81,停車空間兼防空避難室、停車空間、管理維護空間、走廊、梯廳、樓梯間、機房、電梯機房、停車空間（車道）,鋼筋混凝土造,110年7月5日,十一層,,持分移轉
RPPQMLLJLHHGFAP28DA,,75.85,集合住宅,鋼筋混凝土造,110年6月10日,七層,七層 陽台,全筆移轉
RPPQMLLJLHHGFAP28DA,,36.71,停車空間、管理委員會空間、樓梯間、走廊、車道、機械式、水箱,鋼筋混凝土造,110年6月10日,七層,,持分移轉
RPQNMLLKLHHGFAP18DA,,185.96,住宅、樓梯間,鋼筋混凝土造,110年9月1日,三層,一層 二層 三層 陽台 見其他登記事項,全筆移轉
RPRNMLLKLHHGFAP28DA,,185.96,住宅、樓梯間,鋼筋混凝土造,110年9月1日,三層,一層 二層 三層 陽台 見其他登記事項,全筆移轉
RPTNMLLKLHHGFAP48DA,,185.96,住宅、樓梯間,鋼筋混凝土造,110年9月1日,三層,一層 二層 三層 陽台 見其他登記事項,全筆移轉
RPOOMLLKLHHGFAP08DA,,187.53,住宅、樓梯間,鋼筋混凝土造,110年9月1日,三層,一層 二層 三層 陽台 見其他登記事項,全筆移轉
RPVOMLLKLHHGFAP78DA,,187.53,住宅、樓梯間,鋼筋混凝土造,110年9月1日,三層,一層 二層 三層 陽台 見其他登記事項,全筆移轉
RPRPMLLKLHHGFAP48DA,,190.40,住宅、樓梯間,鋼筋混凝土造,110年9月1日,三層,一層 二層 三層 陽台 見其他登記事項,全筆移轉
RPPOMLLKLHHGFAP18DA,,185.96,住宅、樓梯間,鋼筋混凝土造,110年9月1日,三層,一層 二層 三層 陽台 見其他登記事項,全筆移轉
RPPOMLKMLHHGFAP28DA,,187.53,住宅、樓梯間,鋼筋混凝土造,110年9月1日,三層,一層 二層 三層 陽台 見其他登記事項,全筆移轉
RPVNMLKMLHHGFAP78DA,,191.79,店鋪、住宅、樓梯間,鋼筋混凝土造,110年9月1日,三層,一層 二層 三層 陽台 見其他登記事項,全筆移轉
RPSOMLKMLHHGFAP58DA,,187.53,住宅、樓梯間,鋼筋混凝土造,110年9月1日,三層,一層 二層 三層 陽台 見其他登記事項,全筆移轉
RPUOMLOKMHHGFAP09DA,,96.69,集合住宅,鋼筋混凝土造,110年7月5日,十一層,二層 陽台,全筆移轉
RPUOMLOKMHHGFAP09DA,,66.28,停車空間兼防空避難室、停車空間、管理維護空間、走廊、梯廳、樓梯間、機房、電梯機房、停車空間（車道）,鋼筋混凝土造,110年7月5日,十一層,,持分移轉
RPWOMLOKMHHGFAP66DA,,76.77,集合住宅,鋼筋混凝土造,110年7月5日,十一層,二層 陽台,全筆移轉
RPWOMLOKMHHGFAP66DA,,63.55,停車空間兼防空避難室、停車空間、管理維護空間、走廊、梯廳、樓梯間、機房、電梯機房、停車空間（車道）,鋼筋混凝土造,110年7月5日,十一層,,持分移轉
RPQPMLOKMHHGFAP78DA,,76.77,集合住宅,鋼筋混凝土造,110年7月5日,十一層,三層 陽台,全筆移轉
RPQPMLOKMHHGFAP78DA,,61.55,停車空間兼防空避難室、停車空間、管理維護空間、走廊、梯廳、樓梯間、機房、電梯機房、停車空間（車道）,鋼筋混凝土造,110年7月5日,十一層,,持分移轉
RPPNMLNLMHHGFAP48DA,,187.53,住宅、樓梯間,鋼筋混凝土造,110年9月1日,三層,一層 二層 三層 陽台 見其他登記事項,全筆移轉
RPUOMLPJNHHGFAP56DA,,77.51,集合住宅,鋼筋混凝土造,110年6月10日,七層,五層 陽台,全筆移轉
RPUOMLPJNHHGFAP56DA,,36.67,停車空間、管理委員會空間、樓梯間、走廊、車道、機械式、水箱,鋼筋混凝土造,110年6月10日,七層,,持分移轉
RPSPMLOKMHHGFAP98DA,,52.69,集合住宅,鋼筋混凝土造,110年7月5日,十一層,三層 陽台,全筆移轉
RPSPMLOKMHHGFAP98DA,,38.77,停車空間兼防空避難室、停車空間、管理維護空間、走廊、梯廳、樓梯間、機房、電梯機房、停車空間（車道）,鋼筋混凝土造,110年7月5日,十一層,,持分移轉
RPRQMLOKMHHGFAP98DA,,52.82,集合住宅,鋼筋混凝土造,110年7月5日,十一層,四層 陽台,全筆移轉
RPRQMLOKMHHGFAP98DA,,38.81,停車空間兼防空避難室、停車空間、管理維護空間、走廊、梯廳、樓梯間、機房、電梯機房、停車空間（車道）,鋼筋混凝土造,110年7月5日,十一層,,持分移轉
RPXNMLNJNHHGFDP86DA,,147.06,住宅、停車空間、樓梯間,鋼筋混凝土造,111年2月17日,三層,一層 二層 三層 陽台 見其他登記事項,全筆移轉
RPRNMLOJOHHGFDP09DA,,45.68,集合住宅,鋼筋混凝土造,111年2月10日,五層,二層 陽台,全筆移轉
RPRNMLOJOHHGFDP09DA,,36.37,本共有部分之項目有停車空間、昇降梯、安全梯、梯廳及機械室等５項,鋼筋混凝土造,111年2月10日,五層,,持分移轉
RPVOMLOKMHHGFAP56DA,,76.10,集合住宅,鋼筋混凝土造,110年7月5日,十一層,二層 陽台,全筆移轉
RPVOMLOKMHHGFAP56DA,,48.84,停車空間兼防空避難室、停車空間、管理維護空間、走廊、梯廳、樓梯間、機房、電梯機房、停車空間（車道）,鋼筋混凝土造,110年7月5日,十一層,,持分移轉
RPXOMLOKMHHGFAP76DA,,57.70,集合住宅,鋼筋混凝土造,110年7月5日,十一層,二層 陽台,全筆移轉
RPXOMLOKMHHGFAP76DA,,40.91,停車空間兼防空避難室、停車空間、管理維護空間、走廊、梯廳、樓梯間、機房、電梯機房、停車空間（車道）,鋼筋混凝土造,110年7月5日,十一層,,持分移轉
RPRPMLSKMHHGFAP76EA,,78.15,集合住宅,鋼筋混凝土造,110年7月5日,十一層,四層 陽台,全筆移轉
RPRPMLSKMHHGFAP76EA,,49.47,停車空間兼防空避難室、停車空間、管理維護空間、走廊、梯廳、樓梯間、機房、電梯機房、停車空間（車道）,鋼筋混凝土造,110年7月5日,十一層,,持分移轉
RPRNMLKKNHHGFDP68DA,,126.14,住家用,鋼筋混凝土造,110年6月30日,三層,一層 二層 三層 陽台,全筆移轉
RPTNMLKKNHHGFDP88DA,,130.43,住宅、停車空間,鋼筋混凝土造,110年6月30日,三層,一層 二層 三層 陽台,全筆移轉
RPSNMLPKMHHGFAP88DA,,52.69,集合住宅,鋼筋混凝土造,110年7月5日,十一層,五層 陽台,全筆移轉
RPSNMLPKMHHGFAP88DA,,38.77,停車空間兼防空避難室、停車空間、管理維護空間、走廊、梯廳、樓梯間、機房、電梯機房、停車空間（車道）,鋼筋混凝土造,110年7月5日,十一層,,持分移轉
RPPPMLOKMHHGFAP68DA,,76.10,集合住宅,鋼筋混凝土造,110年7月5日,十一層,三層 陽台,全筆移轉
RPPPMLOKMHHGFAP68DA,,63.32,停車空間兼防空避難室、停車空間、管理維護空間、走廊、梯廳、樓梯間、機房、電梯機房、停車空間（車道）,鋼筋混凝土造,110年7月5日,十一層,,持分移轉
RPRPMLOKMHHGFAP88DA,,57.70,集合住宅,鋼筋混凝土造,110年7月5日,十一層,三層 陽台,全筆移轉
RPRPMLOKMHHGFAP88DA,,40.91,停車空間兼防空避難室、停車空間、管理維護空間、走廊、梯廳、樓梯間、機房、電梯機房、停車空間（車道）,鋼筋混凝土造,110年7月5日,十一層,,持分移轉
RPTQMLOKMHHGFAP56DA,,87.07,集合住宅,鋼筋混凝土造,110年7月5日,十一層,四層 陽台,全筆移轉
RPTQMLOKMHHGFAP56DA,,68.06,停車空間兼防空避難室、停車空間、管理維護空間、走廊、梯廳、樓梯間、機房、電梯機房、停車空間（車道）,鋼筋混凝土造,110年7月5日,十一層,,持分移轉
RPTNMLPKMHHGFAP98DA,,52.82,集合住宅,鋼筋混凝土造,110年7月5日,十一層,五層 陽台,全筆移轉
RPTOMLPKMHHGFAP09DA,,79.90,集合住宅,鋼筋混凝土造,110年7月5日,十一層,六層 陽台,全筆移轉
RPTNMLPKMHHGFAP98DA,,38.81,停車空間兼防空避難室、停車空間、管理維護空間、走廊、梯廳、樓梯間、機房、電梯機房、停車空間（車道）,鋼筋混凝土造,110年7月5日,十一層,,持分移轉
RPTOMLPKMHHGFAP09DA,,64.37,停車空間兼防空避難室、停車空間、管理維護空間、走廊、梯廳、樓梯間、機房、電梯機房、停車空間（車道）,鋼筋混凝土造,110年7月5日,十一層,,持分移轉
RPUOMLPKMHHGFAP56DA,,87.07,集合住宅,鋼筋混凝土造,110年7月5日,十一層,六層 陽台,全筆移轉
RPUOMLPKMHHGFAP56DA,,66.06,停車空間兼防空避難室、停車空間、管理維護空間、走廊、梯廳、樓梯間、機房、電梯機房、停車空間（車道）,鋼筋混凝土造,110年7月5日,十一層,,持分移轉
RPRNMLSKMHHGFDP76DA,,78.93,集合住宅,鋼筋混凝土造,110年10月18日,九層,三層 陽台,全筆移轉
RPRNMLSKMHHGFDP76DA,,34.66,本共有部分之項目有電梯間、安全梯、消防機房＋發電機房、汙水機房、梯廳、防空避難室兼停車空間、電信室、台電管道間、車道、停車空間等１０項,鋼筋混凝土造,110年10月18日,九層,,持分移轉
RPRNMLSKMHHGFDP76DA,,28.72,本共有部分之項目有電梯、安全梯、管理委員會使用空間、梯廳、電梯間、走廊、造型、機械室、電梯機房等９項,鋼筋混凝土造,110年10月18日,九層,,持分移轉
RPTOMLOKMHHGFAP98DA,,80.22,集合住宅,鋼筋混凝土造,110年7月5日,十一層,一層,全筆移轉
RPTOMLOKMHHGFAP98DA,,50.61,停車空間兼防空避難室、停車空間、管理維護空間、走廊、梯廳、樓梯間、機房、電梯機房、停車空間（車道）,鋼筋混凝土造,110年7月5日,十一層,,持分移轉
RPTPMLOKMHHGFAP09DA,,52.82,集合住宅,鋼筋混凝土造,110年7月5日,十一層,三層 陽台,全筆移轉
RPTPMLOKMHHGFAP09DA,,38.81,停車空間兼防空避難室、停車空間、管理維護空間、走廊、梯廳、樓梯間、機房、電梯機房、停車空間（車道）,鋼筋混凝土造,110年7月5日,十一層,,持分移轉
RPPQMLOKMHHGFAP78DA,,57.70,集合住宅,鋼筋混凝土造,110年7月5日,十一層,四層 陽台,全筆移轉
RPPQMLOKMHHGFAP78DA,,40.91,停車空間兼防空避難室、停車空間、管理維護空間、走廊、梯廳、樓梯間、機房、電梯機房、停車空間（車道）,鋼筋混凝土造,110年7月5日,十一層,,持分移轉
RPQQMLOKMHHGFAP88DA,,52.69,集合住宅,鋼筋混凝土造,110年7月5日,十一層,四層 陽台,全筆移轉
RPQQMLOKMHHGFAP88DA,,38.77,停車空間兼防空避難室、停車空間、管理維護空間、走廊、梯廳、樓梯間、機房、電梯機房、停車空間（車道）,鋼筋混凝土造,110年7月5日,十一層,,持分移轉
RPPNMLRKNHHGFAP88DA,,87.07,集合住宅,鋼筋混凝土造,110年7月5日,十一層,二層 陽台,全筆移轉
RPPNMLRKNHHGFAP88DA,,53.57,停車空間兼防空避難室、停車空間、管理維護空間、走廊、梯廳、樓梯間、機房、電梯機房、停車空間（車道）,鋼筋混凝土造,110年7月5日,十一層,,持分移轉
RPSNMLQLNHHGFAP66EA,,64.14,集合住宅,鋼筋混凝土造,111年2月18日,五層,二層 陽台,全筆移轉
RPSNMLQLNHHGFAP66EA,,47.34,梯廳、樓梯間、機電設備、消防機電設備、無障礙電梯、防空避難室、停車空間、機電設備空間、機房空間、公共空間、無障礙廁所,鋼筋混凝土造,111年2月18日,五層,,持分移轉
RPRNMLPKMHHGFAP78DA,,57.70,集合住宅,鋼筋混凝土造,110年7月5日,十一層,五層 陽台,全筆移轉
RPRNMLPKMHHGFAP78DA,,40.91,停車空間兼防空避難室、停車空間、管理維護空間、走廊、梯廳、樓梯間、機房、電梯機房、停車空間（車道）,鋼筋混凝土造,110年7月5日,十一層,,持分移轉
RPXPMLOKMHHGFAP86DA,,76.10,集合住宅,鋼筋混凝土造,110年7月5日,十一層,四層 陽台,全筆移轉
RPXPMLOKMHHGFAP86DA,,61.32,停車空間兼防空避難室、停車空間、管理維護空間、走廊、梯廳、樓梯間、機房、電梯機房、停車空間（車道）,鋼筋混凝土造,110年7月5日,十一層,,持分移轉
RPTPMLPKMHHGFAP56DA,,76.10,集合住宅,鋼筋混凝土造,110年7月5日,十一層,八層 陽台,全筆移轉
RPTPMLPKMHHGFAP56DA,,63.32,停車空間兼防空避難室、停車空間、管理維護空間、走廊、梯廳、樓梯間、機房、電梯機房、停車空間（車道）,鋼筋混凝土造,110年7月5日,十一層,,持分移轉
RPPOMLPKMHHGFAP68DA,,57.70,集合住宅,鋼筋混凝土造,110年7月5日,十一層,六層 陽台,全筆移轉
RPPOMLPKMHHGFAP68DA,,40.91,停車空間兼防空避難室、停車空間、管理維護空間、走廊、梯廳、樓梯間、機房、電梯機房、停車空間（車道）,鋼筋混凝土造,110年7月5日,十一層,,持分移轉
RPVNMLMLNHHGFDP76DA,,40.86,集合住宅,鋼筋混凝土造,111年2月10日,五層,二層 陽台,全筆移轉
RPVNMLMLNHHGFDP76DA,,14.64,本共有部分之項目有停車空間、昇降梯、安全梯、梯廳及機械室等５項,鋼筋混凝土造,111年2月10日,五層,,持分移轉
RPVPMLOKMHHGFAP66DA,,87.07,集合住宅,鋼筋混凝土造,110年7月5日,十一層,三層 陽台,全筆移轉
RPVPMLOKMHHGFAP66DA,,68.06,停車空間兼防空避難室、停車空間、管理維護空間、走廊、梯廳、樓梯間、機房、電梯機房、停車空間（車道）,鋼筋混凝土造,110年7月5日,十一層,,持分移轉
RPTNMLSKLHHGFDP86DA,,78.93,集合住宅,鋼筋混凝土造,110年10月18日,九層,八層 陽台,全筆移轉
RPTNMLSKLHHGFDP86DA,,5.64,本共有部分之項目有電梯間、安全梯、消防機房＋發電機房、汙水機房、梯廳、防空避難室兼停車空間、電信室、台電管道間、車道、停車空間等１０項,鋼筋混凝土造,110年10月18日,九層,,持分移轉
RPTNMLSKLHHGFDP86DA,,28.72,本共有部分之項目有電梯、安全梯、管理委員會使用空間、梯廳、電梯間、走廊、造型、機械室、電梯機房等９項,鋼筋混凝土造,110年10月18日,九層,,持分移轉
RPVQMLOKMHHGFAP76DA,,76.10,集合住宅,鋼筋混凝土造,110年7月5日,十一層,五層 陽台,全筆移轉
RPVQMLOKMHHGFAP76DA,,61.32,停車空間兼防空避難室、停車空間、管理維護空間、走廊、梯廳、樓梯間、機房、電梯機房、停車空間（車道）,鋼筋混凝土造,110年7月5日,十一層,,持分移轉
RPWQMLOKMHHGFAP86DA,,76.77,集合住宅,鋼筋混凝土造,110年7月5日,十一層,五層 陽台,全筆移轉
RPWQMLOKMHHGFAP86DA,,63.55,停車空間兼防空避難室、停車空間、管理維護空間、走廊、梯廳、樓梯間、機房、電梯機房、停車空間（車道）,鋼筋混凝土造,110年7月5日,十一層,,持分移轉
RPOOMLPKMHHGFAP58DA,,76.77,集合住宅,鋼筋混凝土造,110年7月5日,十一層,六層 陽台,全筆移轉
RPOOMLPKMHHGFAP58DA,,63.55,停車空間兼防空避難室、停車空間、管理維護空間、走廊、梯廳、樓梯間、機房、電梯機房、停車空間（車道）,鋼筋混凝土造,110年7月5日,十一層,,持分移轉
RPSOMLPKMHHGFAP98DA,,52.82,集合住宅,鋼筋混凝土造,110年7月5日,十一層,六層 陽台,全筆移轉
RPSOMLPKMHHGFAP98DA,,38.81,停車空間兼防空避難室、停車空間、管理維護空間、走廊、梯廳、樓梯間、機房、電梯機房、停車空間（車道）,鋼筋混凝土造,110年7月5日,十一層,,持分移轉
RPXQMLPKMHHGFAP07DA,,76.77,集合住宅,鋼筋混凝土造,111年1月17日,十一層,十層 陽台,全筆移轉
RPXQMLPKMHHGFAP07DA,,61.55,停車空間兼防空避難室、停車空間、管理維護空間、走廊、梯廳、樓梯間、機房、電梯機房、停車空間（車道）,鋼筋混凝土造,110年7月5日,十一層,,持分移轉
RPPRMLPKMHHGFAP98DA,,52.69,集合住宅,鋼筋混凝土造,111年1月17日,十一層,十層 陽台,全筆移轉
RPPRMLPKMHHGFAP98DA,,38.77,停車空間兼防空避難室、停車空間、管理維護空間、走廊、梯廳、樓梯間、機房、電梯機房、停車空間（車道）,鋼筋混凝土造,110年7月5日,十一層,,持分移轉
RPSRMLPKMHHGFAP66DA,,105.91,集合住宅,鋼筋混凝土造,111年1月17日,十一層,十一層 陽台,全筆移轉
RPSRMLPKMHHGFAP66DA,,102.96,停車空間兼防空避難室、停車空間、管理維護空間、走廊、梯廳、樓梯間、機房、電梯機房、停車空間（車道）,鋼筋混凝土造,110年7月5日,十一層,,持分移轉
RPTRMLPKMHHGFAP76DA,,97.32,集合住宅,鋼筋混凝土造,111年1月17日,十一層,十一層,全筆移轉
RPTRMLPKMHHGFAP76DA,,101.50,停車空間兼防空避難室、停車空間、管理維護空間、走廊、梯廳、樓梯間、機房、電梯機房、停車空間（車道）,鋼筋混凝土造,110年7月5日,十一層,,持分移轉
RPOSMLPKMHHGFAP98DA,,269.09,店舖、集合住宅、騎樓、樓梯間,鋼筋混凝土造,111年1月17日,四層,一層 二層 三層 四層 陽台 騎樓 見其他登記事項,全筆移轉
RPOSMLPKMHHGFAP98DA,,77.49,停車空間兼防空避難室、停車空間、管理維護空間、走廊、梯廳、樓梯間、機房、電梯機房、停車空間（車道）,鋼筋混凝土造,110年7月5日,十一層,,持分移轉
RPURMLPKMHHGFAP86DA,,52.69,集合住宅,鋼筋混凝土造,110年7月5日,十一層,六層 陽台,全筆移轉
RPURMLPKMHHGFAP86DA,,38.77,停車空間兼防空避難室、停車空間、管理維護空間、走廊、梯廳、樓梯間、機房、電梯機房、停車空間（車道）,鋼筋混凝土造,110年7月5日,十一層,,持分移轉
RPVQMLPKMHHGFAP86DA,,85.22,集合住宅,鋼筋混凝土造,111年1月17日,十一層,十層 陽台,全筆移轉
RPVQMLPKMHHGFAP86DA,,67.19,停車空間兼防空避難室、停車空間、管理維護空間、走廊、梯廳、樓梯間、機房、電梯機房、停車空間（車道）,鋼筋混凝土造,110年7月5日,十一層,,持分移轉
RPPQMLPKMHHGFAP88DA,,79.90,集合住宅,鋼筋混凝土造,110年7月5日,十一層,八層 陽台,全筆移轉
RPPQMLPKMHHGFAP88DA,,64.37,停車空間兼防空避難室、停車空間、管理維護空間、走廊、梯廳、樓梯間、機房、電梯機房、停車空間（車道）,鋼筋混凝土造,110年7月5日,十一層,,持分移轉
RPOPMLOKMHHGFAP58DA,,85.22,集合住宅,鋼筋混凝土造,110年7月5日,十一層,三層 陽台,全筆移轉
RPOPMLOKMHHGFAP58DA,,65.19,停車空間兼防空避難室、停車空間、管理維護空間、走廊、梯廳、樓梯間、機房、電梯機房、停車空間（車道）,鋼筋混凝土造,110年7月5日,十一層,,持分移轉
RPPPMLPKMHHGFAP78DA,,52.69,集合住宅,鋼筋混凝土造,110年7月5日,十一層,七層 陽台,全筆移轉
RPPPMLPKMHHGFAP78DA,,38.77,停車空間兼防空避難室、停車空間、管理維護空間、走廊、梯廳、樓梯間、機房、電梯機房、停車空間（車道）,鋼筋混凝土造,110年7月5日,十一層,,持分移轉
RPOQMLOKMHHGFAP68DA,,76.77,集合住宅,鋼筋混凝土造,110年7月5日,十一層,四層 陽台,全筆移轉
RPOQMLOKMHHGFAP68DA,,61.55,停車空間兼防空避難室、停車空間、管理維護空間、走廊、梯廳、樓梯間、機房、電梯機房、停車空間（車道）,鋼筋混凝土造,110年7月5日,十一層,,持分移轉
RPOPMLPKMHHGFAP68DA,,57.70,集合住宅,鋼筋混凝土造,110年7月5日,十一層,七層 陽台,全筆移轉
RPOPMLPKMHHGFAP68DA,,40.91,停車空間兼防空避難室、停車空間、管理維護空間、走廊、梯廳、樓梯間、機房、電梯機房、停車空間（車道）,鋼筋混凝土造,110年7月5日,十一層,,持分移轉
RPWPMLOKMHHGFAP76DA,,85.22,集合住宅,鋼筋混凝土造,110年7月5日,十一層,四層 陽台,全筆移轉
RPWPMLOKMHHGFAP76DA,,65.19,停車空間兼防空避難室、停車空間、管理維護空間、走廊、梯廳、樓梯間、機房、電梯機房、停車空間（車道）,鋼筋混凝土造,110年7月5日,十一層,,持分移轉
RPQPMLPKMHHGFAP88DA,,52.82,集合住宅,鋼筋混凝土造,110年7月5日,十一層,七層 陽台,全筆移轉
RPRPMLPKMHHGFAP98DA,,79.90,集合住宅,鋼筋混凝土造,110年7月5日,十一層,七層 陽台,全筆移轉
RPQPMLPKMHHGFAP88DA,,38.81,停車空間兼防空避難室、停車空間、管理維護空間、走廊、梯廳、樓梯間、機房、電梯機房、停車空間（車道）,鋼筋混凝土造,110年7月5日,十一層,,持分移轉
RPRPMLPKMHHGFAP98DA,,64.37,停車空間兼防空避難室、停車空間、管理維護空間、走廊、梯廳、樓梯間、機房、電梯機房、停車空間（車道）,鋼筋混凝土造,110年7月5日,十一層,,持分移轉
RPUQMLOKMHHGFAP66DA,,85.22,集合住宅,鋼筋混凝土造,110年7月5日,十一層,五層 陽台,全筆移轉
RPUQMLOKMHHGFAP66DA,,67.19,停車空間兼防空避難室、停車空間、管理維護空間、走廊、梯廳、樓梯間、機房、電梯機房、停車空間（車道）,鋼筋混凝土造,110年7月5日,十一層,,持分移轉
RPVNMLPKMHHGFAP56DA,,87.07,集合住宅,鋼筋混凝土造,110年7月5日,十一層,五層 陽台,全筆移轉
RPVNMLPKMHHGFAP56DA,,68.06,停車空間兼防空避難室、停車空間、管理維護空間、走廊、梯廳、樓梯間、機房、電梯機房、停車空間（車道）,鋼筋混凝土造,110年7月5日,十一層,,持分移轉
RPUNMLPKMHHGFAP09DA,,79.86,集合住宅,鋼筋混凝土造,110年7月5日,十一層,五層 陽台,全筆移轉
RPUNMLPKMHHGFAP09DA,,64.37,停車空間兼防空避難室、停車空間、管理維護空間、走廊、梯廳、樓梯間、機房、電梯機房、停車空間（車道）,鋼筋混凝土造,110年7月5日,十一層,,持分移轉
RPWNMLPKMHHGFAP66DA,,85.22,集合住宅,鋼筋混凝土造,110年7月5日,十一層,六層 陽台,全筆移轉
RPWNMLPKMHHGFAP66DA,,67.19,停車空間兼防空避難室、停車空間、管理維護空間、走廊、梯廳、樓梯間、機房、電梯機房、停車空間（車道）,鋼筋混凝土造,110年7月5日,十一層,,持分移轉
RPVOMLPKMHHGFAP66DA,,85.22,集合住宅,鋼筋混凝土造,110年7月5日,十一層,七層 陽台,全筆移轉
RPVOMLPKMHHGFAP66DA,,67.19,停車空間兼防空避難室、停車空間、管理維護空間、走廊、梯廳、樓梯間、機房、電梯機房、停車空間（車道）,鋼筋混凝土造,110年7月5日,十一層,,持分移轉
RPWPMLPKMHHGFAP86DA,,57.70,集合住宅,鋼筋混凝土造,110年7月5日,十一層,八層 陽台,全筆移轉
RPWPMLPKMHHGFAP86DA,,40.91,停車空間兼防空避難室、停車空間、管理維護空間、走廊、梯廳、樓梯間、機房、電梯機房、停車空間（車道）,鋼筋混凝土造,110年7月5日,十一層,,持分移轉
RPXNMLPKMHHGFAP76DA,,76.10,集合住宅,鋼筋混凝土造,110年7月5日,十一層,六層 陽台,全筆移轉
RPXNMLPKMHHGFAP76DA,,63.32,停車空間兼防空避難室、停車空間、管理維護空間、走廊、梯廳、樓梯間、機房、電梯機房、停車空間（車道）,鋼筋混凝土造,110年7月5日,十一層,,持分移轉
RPWOMLPKMHHGFAP76DA,,76.10,集合住宅,鋼筋混凝土造,110年7月5日,十一層,七層 陽台,全筆移轉
RPWOMLPKMHHGFAP76DA,,63.32,停車空間兼防空避難室、停車空間、管理維護空間、走廊、梯廳、樓梯間、機房、電梯機房、停車空間（車道）,鋼筋混凝土造,110年7月5日,十一層,,持分移轉
RPOQMLPKMHHGFAP78DA,,52.82,集合住宅,鋼筋混凝土造,110年7月5日,十一層,八層 陽台,全筆移轉
RPOQMLPKMHHGFAP78DA,,38.81,停車空間兼防空避難室、停車空間、管理維護空間、走廊、梯廳、樓梯間、機房、電梯機房、停車空間（車道）,鋼筋混凝土造,110年7月5日,十一層,,持分移轉
RPSPMLPKMHHGFAP09DA,,85.22,集合住宅,鋼筋混凝土造,110年7月5日,十一層,八層 陽台,全筆移轉
RPSPMLPKMHHGFAP09DA,,67.19,停車空間兼防空避難室、停車空間、管理維護空間、走廊、梯廳、樓梯間、機房、電梯機房、停車空間（車道）,鋼筋混凝土造,110年7月5日,十一層,,持分移轉
RPXOMLPKMHHGFAP86DA,,76.77,集合住宅,鋼筋混凝土造,110年7月5日,十一層,七層 陽台,全筆移轉
RPXOMLPKMHHGFAP86DA,,63.55,停車空間兼防空避難室、停車空間、管理維護空間、走廊、梯廳、樓梯間、機房、電梯機房、停車空間（車道）,鋼筋混凝土造,110年7月5日,十一層,,持分移轉
RPRQMLPKMHHGFAP09DA,,57.70,集合住宅,鋼筋混凝土造,111年1月17日,十一層,九層 陽台,全筆移轉
RPRQMLPKMHHGFAP09DA,,55.40,停車空間兼防空避難室、停車空間、管理維護空間、走廊、梯廳、樓梯間、機房、電梯機房、停車空間（車道）,鋼筋混凝土造,110年7月5日,十一層,,持分移轉
RPQQMLPKMHHGFAP98DA,,85.22,集合住宅,鋼筋混凝土造,110年7月5日,十一層,九層 陽台,全筆移轉
RPQQMLPKMHHGFAP98DA,,70.70,停車空間兼防空避難室、停車空間、管理維護空間、走廊、梯廳、樓梯間、機房、電梯機房、停車空間（車道）,鋼筋混凝土造,110年7月5日,十一層,,持分移轉
RPSQMLPKMHHGFAP56DA,,52.69,集合住宅,鋼筋混凝土造,111年1月17日,十一層,九層 陽台,全筆移轉
RPSQMLPKMHHGFAP56DA,,38.77,停車空間兼防空避難室、停車空間、管理維護空間、走廊、梯廳、樓梯間、機房、電梯機房、停車空間（車道）,鋼筋混凝土造,110年7月5日,十一層,,持分移轉
RPTQMLPKMHHGFAP66DA,,52.82,集合住宅,鋼筋混凝土造,111年1月17日,十一層,九層 陽台,全筆移轉
RPTQMLPKMHHGFAP66DA,,38.81,停車空間兼防空避難室、停車空間、管理維護空間、走廊、梯廳、樓梯間、機房、電梯機房、停車空間（車道）,鋼筋混凝土造,110年7月5日,十一層,,持分移轉
RPUQMLPKMHHGFAP76DA,,79.90,集合住宅,鋼筋混凝土造,111年1月17日,十一層,九層 陽台,全筆移轉
RPUQMLPKMHHGFAP76DA,,64.37,停車空間兼防空避難室、停車空間、管理維護空間、走廊、梯廳、樓梯間、機房、電梯機房、停車空間（車道）,鋼筋混凝土造,110年7月5日,十一層,,持分移轉
RPQRMLPKMHHGFAP09DA,,52.82,集合住宅,鋼筋混凝土造,111年1月17日,十一層,十層 陽台,全筆移轉
RPQRMLPKMHHGFAP09DA,,38.81,停車空間兼防空避難室、停車空間、管理維護空間、走廊、梯廳、樓梯間、機房、電梯機房、停車空間（車道）,鋼筋混凝土造,110年7月5日,十一層,,持分移轉
RPXPMLPKMHHGFAP96DA,,52.69,集合住宅,鋼筋混凝土造,110年7月5日,十一層,八層 陽台,全筆移轉
RPXPMLPKMHHGFAP96DA,,53.25,停車空間兼防空避難室、停車空間、管理維護空間、走廊、梯廳、樓梯間、機房、電梯機房、停車空間（車道）,鋼筋混凝土造,110年7月5日,十一層,,持分移轉
RPVRMLPKMHHGFAP96DA,,76.10,集合住宅,鋼筋混凝土造,110年7月5日,十一層,九層 陽台,全筆移轉
RPVRMLPKMHHGFAP96DA,,63.32,停車空間兼防空避難室、停車空間、管理維護空間、走廊、梯廳、樓梯間、機房、電梯機房、停車空間（車道）,鋼筋混凝土造,110年7月5日,十一層,,持分移轉
RPRRMLPKMHHGFAP56DA,,79.90,集合住宅,鋼筋混凝土造,111年1月17日,十一層,十層 陽台,全筆移轉
RPRRMLPKMHHGFAP56DA,,64.37,停車空間兼防空避難室、停車空間、管理維護空間、走廊、梯廳、樓梯間、機房、電梯機房、停車空間（車道）,鋼筋混凝土造,110年7月5日,十一層,,持分移轉
RPUPMLPKMHHGFAP66DA,,76.77,集合住宅,鋼筋混凝土造,110年7月5日,十一層,八層 陽台,全筆移轉
RPUPMLPKMHHGFAP66DA,,63.55,停車空間兼防空避難室、停車空間、管理維護空間、走廊、梯廳、樓梯間、機房、電梯機房、停車空間（車道）,鋼筋混凝土造,110年7月5日,十一層,,持分移轉
RPRNMLPKLHHGFDP98DA,,78.93,集合住宅,鋼筋混凝土造,110年10月18日,九層,七層 陽台,全筆移轉
RPRNMLPKLHHGFDP98DA,,34.66,本共有部分之項目有電梯間、安全梯、消防機房＋發電機房、汙水機房、梯廳、防空避難室兼停車空間、電信室、台電管道間、車道、停車空間等１０項,鋼筋混凝土造,110年10月18日,九層,,持分移轉
RPRNMLPKLHHGFDP98DA,,28.72,本共有部分之項目有電梯、安全梯、管理委員會使用空間、梯廳、電梯間、走廊、造型、機械室、電梯機房等９項,鋼筋混凝土造,110年10月18日,九層,,持分移轉
SPVRMLPKMHHGFAP07DA,,76.77,集合住宅,鋼筋混凝土造,111年1月17日,十一層,九層 陽台,全筆移轉
SPVRMLPKMHHGFAP07DA,,63.55,停車空間兼防空避難室、停車空間、管理維護空間、走廊、梯廳、樓梯間、機房、電梯機房、停車空間（車道）,鋼筋混凝土造,110年7月5日,十一層,,持分移轉
RPRPMLNJNHHGFDP09DA,,78.93,集合住宅,鋼筋混凝土造,110年10月18日,九層,六層 陽台,全筆移轉
RPRPMLNJNHHGFDP09DA,,34.73,本共有部分之項目有電梯間、安全梯、消防機房＋發電機房、汙水機房、梯廳、防空避難室兼停車空間、電信室、台電管道間、車道、停車空間等１０項,鋼筋混凝土造,110年10月18日,九層,,持分移轉
RPRPMLNJNHHGFDP09DA,,28.72,本共有部分之項目有電梯、安全梯、管理委員會使用空間、梯廳、電梯間、走廊、造型、機械室、電梯機房等９項,鋼筋混凝土造,110年10月18日,九層,,持分移轉
RPOOMLPKLHHGFDP78DA,,73.40,集合住宅,鋼筋混凝土造,110年10月18日,九層,八層 陽台,全筆移轉
RPOOMLPKLHHGFDP78DA,,34.37,本共有部分之項目有電梯間、安全梯、消防機房＋發電機房、汙水機房、梯廳、防空避難室兼停車空間、電信室、台電管道間、車道、停車空間等１０項,鋼筋混凝土造,110年10月18日,九層,,持分移轉
RPOOMLPKLHHGFDP78DA,,26.70,本共有部分之項目有電梯、安全梯、管理委員會使用空間、梯廳、電梯間、走廊、造型、機械室、電梯機房等９項,鋼筋混凝土造,110年10月18日,九層,,持分移轉
RPRNMLSKLHHGFDP66DA,,78.93,集合住宅,鋼筋混凝土造,110年10月18日,九層,五層 陽台,全筆移轉
RPRNMLSKLHHGFDP66DA,,34.66,本共有部分之項目有電梯間、安全梯、消防機房＋發電機房、汙水機房、梯廳、防空避難室兼停車空間、電信室、台電管道間、車道、停車空間等１０項,鋼筋混凝土造,110年10月18日,九層,,持分移轉
RPRNMLSKLHHGFDP66DA,,28.72,本共有部分之項目有電梯、安全梯、管理委員會使用空間、梯廳、電梯間、走廊、造型、機械室、電梯機房等９項,鋼筋混凝土造,110年10月18日,九層,,持分移轉
RPSNMLLKMHHGFDP78DA,,78.93,集合住宅,鋼筋混凝土造,110年10月18日,九層,四層 陽台,全筆移轉
RPSNMLLKMHHGFDP78DA,,63.82,本共有部分之項目有電梯間、安全梯、消防機房＋發電機房、汙水機房、梯廳、防空避難室兼停車空間、電信室、台電管道間、車道、停車空間等１０項,鋼筋混凝土造,110年10月18日,九層,,持分移轉
RPSNMLLKMHHGFDP78DA,,28.72,本共有部分之項目有電梯、安全梯、管理委員會使用空間、梯廳、電梯間、走廊、造型、機械室、電梯機房等９項,鋼筋混凝土造,110年10月18日,九層,,持分移轉
RPTPMLNJNHHGFDP66DA,,73.40,集合住宅,鋼筋混凝土造,110年10月18日,九層,七層 陽台,全筆移轉
RPTPMLNJNHHGFDP66DA,,34.29,本共有部分之項目有電梯間、安全梯、消防機房＋發電機房、汙水機房、梯廳、防空避難室兼停車空間、電信室、台電管道間、車道、停車空間等１０項,鋼筋混凝土造,110年10月18日,九層,,持分移轉
RPTPMLNJNHHGFDP66DA,,26.70,本共有部分之項目有電梯、安全梯、管理委員會使用空間、梯廳、電梯間、走廊、造型、機械室、電梯機房等９項,鋼筋混凝土造,110年10月18日,九層,,持分移轉
RPUNMLKLNHHGFDP09DA,,61.39,集合住宅,鋼筋混凝土造,110年10月18日,九層,四層 陽台,全筆移轉
RPUNMLKLNHHGFDP09DA,,33.48,本共有部分之項目有電梯間、安全梯、消防機房＋發電機房、汙水機房、梯廳、防空避難室兼停車空間、電信室、台電管道間、車道、停車空間等１０項,鋼筋混凝土造,110年10月18日,九層,,持分移轉
RPUNMLKLNHHGFDP09DA,,22.33,本共有部分之項目有電梯、安全梯、管理委員會使用空間、梯廳、電梯間、走廊、造型、機械室、電梯機房等９項,鋼筋混凝土造,110年10月18日,九層,,持分移轉
